Subframe 0:
39 - [ 8 9 10 11 ] [ 12 13 14 15 ]
12 - [ 18 ] [ 19 ] [ 20 ] [ 21 ] [ 22 ] [ 23 ]
14 - [ 31 ] [ 32 ] [ 33 ] [ 34 ] [ 35 ] [ 36 ]
28 - [ 14 15 ] [ 16 17 ] [ 18 19 ] [ 20 21 ] [ 22 23 ] [ 24 25 ]
47 - [ 24 25 26 27 28 29 30 31 ] [ 32 33 34 35 36 37 38 39 ]
21 - [ 6 7 ] [ 8 9 ] [ 10 11 ] [ 12 13 ] [ 14 15 ] [ 16 17 ]
22 - [ 26 27 ] [ 28 29 ] [ 30 31 ] [ 32 33 ] [ 34 35 ] [ 36 37 ]
7 - [ 36 ] [ 37 ] [ 38 ] [ 39 ] [ 40 ] [ 0 ]
8 - [ 11 ] [ 12 ] [ 13 ] [ 14 ] [ 15 ] [ 16 ]
17 - [ 0 ] [ 1 ] [ 2 ] [ 3 ] [ 4 ] [ 5 ]
20 - [ 10 ] [ 11 ] [ 12 ] [ 13 ] [ 14 ] [ 15 ]
25 - [ 0 1 ] [ 2 3 ] [ 4 5 ] [ 6 7 ] [ 8 9 ] [ 10 11 ]
2 - [ 13 ] [ 14 ] [ 15 ] [ 16 ] [ 17 ] [ 18 ]
41 - [ 36 37 38 39 ] [ 0 1 2 3 ]
37 - [ 20 21 22 23 ] [ 24 25 26 27 ]
10 - [ 5 ] [ 6 ] [ 7 ] [ 8 ] [ 9 ] [ 10 ]
24 - [ 20 21 ] [ 22 23 ] [ 24 25 ] [ 26 27 ] [ 28 29 ] [ 30 31 ]
26 - [ 14 15 ] [ 16 17 ] [ 18 19 ] [ 20 21 ] [ 22 23 ] [ 24 25 ]
9 - [ 8 ] [ 9 ] [ 10 ] [ 11 ] [ 12 ] [ 13 ]
4 - [ 26 ] [ 27 ] [ 28 ] [ 29 ] [ 30 ] [ 31 ]
11 - [ 21 ] [ 22 ] [ 23 ] [ 24 ] [ 25 ] [ 26 ]
42 - [ 36 37 38 39 ] [ 0 1 2 3 ]
23 - [ 0 1 ] [ 2 3 ] [ 4 5 ] [ 6 7 ] [ 8 9 ] [ 10 11 ]
15 - [ 28 ] [ 29 ] [ 30 ] [ 31 ] [ 32 ] [ 33 ]
3 - [ 29 ] [ 30 ] [ 31 ] [ 32 ] [ 33 ] [ 34 ]
5 - [ 23 ] [ 24 ] [ 25 ] [ 26 ] [ 27 ] [ 28 ]
27 - [ 34 35 ] [ 36 37 ] [ 38 39 ] [ 0 1 ] [ 2 3 ] [ 4 5 ]
40 - [ 8 9 10 11 ] [ 12 13 14 15 ]
34 - [ 32 33 34 35 ] [ 36 37 38 39 ]
35 - [ 32 33 34 35 ] [ 36 37 38 39 ]
30 - [ 8 9 ] [ 10 11 ] [ 12 13 ] [ 14 15 ] [ 16 17 ] [ 18 19 ]
36 - [ 20 21 22 23 ] [ 24 25 26 27 ]
49 - [ 0 1 2 3 4 5 6 7 ] [ 8 9 10 11 12 13 14 15 ]
6 - [ 39 ] [ 40 ] [ 0 ] [ 1 ] [ 2 ] [ 3 ]
18 - [ 16 ] [ 17 ] [ 18 ] [ 19 ] [ 20 ] [ 21 ]
38 - [ 20 21 22 23 ] [ 24 25 26 27 ]
46 - [ 24 25 26 27 28 29 30 31 ] [ 32 33 34 35 36 37 38 39 ]
13 - [ 34 ] [ 35 ] [ 36 ] [ 37 ] [ 38 ] [ 39 ]
45 - [ 8 9 10 11 12 13 14 15 ] [ 16 17 18 19 20 21 22 23 ]
16 - [ 3 ] [ 4 ] [ 5 ] [ 6 ] [ 7 ] [ 8 ]
31 - [ 22 23 ] [ 24 25 ] [ 26 27 ] [ 28 29 ] [ 30 31 ] [ 32 33 ]
33 - [ 4 5 6 7 ] [ 8 9 10 11 ]
29 - [ 28 29 ] [ 30 31 ] [ 32 33 ] [ 34 35 ] [ 36 37 ] [ 38 39 ]
19 - [ 13 ] [ 14 ] [ 15 ] [ 16 ] [ 17 ] [ 18 ]
48 - [ 24 25 26 27 28 29 30 31 ] [ 32 33 34 35 36 37 38 39 ]
50 - [ 0 1 2 3 4 5 6 7 ] [ 8 9 10 11 12 13 14 15 ]
1 - [ 16 ] [ 17 ] [ 18 ] [ 19 ] [ 20 ] [ 21 ]
43 - [ 32 33 34 35 36 37 38 39 ] [ 0 1 2 3 4 5 6 7 ]
32 - [ 2 3 ] [ 4 5 ] [ 6 7 ] [ 8 9 ] [ 10 11 ] [ 12 13 ]
44 - [ 8 9 10 11 12 13 14 15 ] [ 16 17 18 19 20 21 22 23 ]
Subframe 1:
50 - [ 32 33 34 35 36 37 38 39 ] [ 0 1 2 3 4 5 6 7 ]
33 - [ 32 33 34 35 ] [ 36 37 38 39 ]
37 - [ 0 1 2 3 ] [ 4 5 6 7 ]
40 - [ 16 17 18 19 ] [ 20 21 22 23 ]
46 - [ 16 17 18 19 20 21 22 23 ] [ 24 25 26 27 28 29 30 31 ]
27 - [ 6 7 ] [ 8 9 ] [ 10 11 ] [ 12 13 ] [ 14 15 ] [ 16 17 ]
15 - [ 31 ] [ 32 ] [ 33 ] [ 34 ] [ 35 ] [ 36 ]
18 - [ 17 ] [ 18 ] [ 19 ] [ 20 ] [ 21 ] [ 22 ]
24 - [ 18 19 ] [ 20 21 ] [ 22 23 ] [ 24 25 ] [ 26 27 ] [ 28 29 ]
4 - [ 14 ] [ 15 ] [ 16 ] [ 17 ] [ 18 ] [ 19 ]
25 - [ 14 15 ] [ 16 17 ] [ 18 19 ] [ 20 21 ] [ 22 23 ] [ 24 25 ]
30 - [ 34 35 ] [ 36 37 ] [ 38 39 ] [ 0 1 ] [ 2 3 ] [ 4 5 ]
14 - [ 22 ] [ 23 ] [ 24 ] [ 25 ] [ 26 ] [ 27 ]
11 - [ 36 ] [ 37 ] [ 38 ] [ 39 ] [ 40 ] [ 0 ]
1 - [ 28 ] [ 29 ] [ 30 ] [ 31 ] [ 32 ] [ 33 ]
9 - [ 18 ] [ 19 ] [ 20 ] [ 21 ] [ 22 ] [ 23 ]
41 - [ 8 9 10 11 ] [ 12 13 14 15 ]
39 - [ 24 25 26 27 ] [ 28 29 30 31 ]
10 - [ 27 ] [ 28 ] [ 29 ] [ 30 ] [ 31 ] [ 32 ]
26 - [ 10 11 ] [ 12 13 ] [ 14 15 ] [ 16 17 ] [ 18 19 ] [ 20 21 ]
36 - [ 8 9 10 11 ] [ 12 13 14 15 ]
22 - [ 26 27 ] [ 28 29 ] [ 30 31 ] [ 32 33 ] [ 34 35 ] [ 36 37 ]
21 - [ 30 31 ] [ 32 33 ] [ 34 35 ] [ 36 37 ] [ 38 39 ] [ 0 1 ]
8 - [ 9 ] [ 10 ] [ 11 ] [ 12 ] [ 13 ] [ 14 ]
2 - [ 37 ] [ 38 ] [ 39 ] [ 40 ] [ 0 ] [ 1 ]
6 - [ 32 ] [ 33 ] [ 34 ] [ 35 ] [ 36 ] [ 37 ]
49 - [ 8 9 10 11 12 13 14 15 ] [ 16 17 18 19 20 21 22 23 ]
17 - [ 8 ] [ 9 ] [ 10 ] [ 11 ] [ 12 ] [ 13 ]
20 - [ 35 ] [ 36 ] [ 37 ] [ 38 ] [ 39 ] [ 40 ]
16 - [ 40 ] [ 0 ] [ 1 ] [ 2 ] [ 3 ] [ 4 ]
44 - [ 8 9 10 11 12 13 14 15 ] [ 16 17 18 19 20 21 22 23 ]
13 - [ 13 ] [ 14 ] [ 15 ] [ 16 ] [ 17 ] [ 18 ]
48 - [ 24 25 26 27 28 29 30 31 ] [ 32 33 34 35 36 37 38 39 ]
45 - [ 32 33 34 35 36 37 38 39 ] [ 0 1 2 3 4 5 6 7 ]
32 - [ 20 21 ] [ 22 23 ] [ 24 25 ] [ 26 27 ] [ 28 29 ] [ 30 31 ]
5 - [ 23 ] [ 24 ] [ 25 ] [ 26 ] [ 27 ] [ 28 ]
19 - [ 26 ] [ 27 ] [ 28 ] [ 29 ] [ 30 ] [ 31 ]
12 - [ 4 ] [ 5 ] [ 6 ] [ 7 ] [ 8 ] [ 9 ]
38 - [ 32 33 34 35 ] [ 36 37 38 39 ]
43 - [ 24 25 26 27 28 29 30 31 ] [ 32 33 34 35 36 37 38 39 ]
35 - [ 16 17 18 19 ] [ 20 21 22 23 ]
3 - [ 5 ] [ 6 ] [ 7 ] [ 8 ] [ 9 ] [ 10 ]
42 - [ 0 1 2 3 ] [ 4 5 6 7 ]
28 - [ 2 3 ] [ 4 5 ] [ 6 7 ] [ 8 9 ] [ 10 11 ] [ 12 13 ]
34 - [ 24 25 26 27 ] [ 28 29 30 31 ]
7 - [ 0 ] [ 1 ] [ 2 ] [ 3 ] [ 4 ] [ 5 ]
23 - [ 22 23 ] [ 24 25 ] [ 26 27 ] [ 28 29 ] [ 30 31 ] [ 32 33 ]
29 - [ 38 39 ] [ 0 1 ] [ 2 3 ] [ 4 5 ] [ 6 7 ] [ 8 9 ]
31 - [ 30 31 ] [ 32 33 ] [ 34 35 ] [ 36 37 ] [ 38 39 ] [ 0 1 ]
47 - [ 0 1 2 3 4 5 6 7 ] [ 8 9 10 11 12 13 14 15 ]
Subframe 2:
7 - [ 2 ] [ 3 ] [ 4 ] [ 5 ] [ 6 ] [ 7 ]
15 - [ 34 ] [ 35 ] [ 36 ] [ 37 ] [ 38 ] [ 39 ]
11 - [ 18 ] [ 19 ] [ 20 ] [ 21 ] [ 22 ] [ 23 ]
19 - [ 9 ] [ 10 ] [ 11 ] [ 12 ] [ 13 ] [ 14 ]
40 - [ 0 1 2 3 ] [ 4 5 6 7 ]
4 - [ 16 ] [ 17 ] [ 18 ] [ 19 ] [ 20 ] [ 21 ]
33 - [ 36 37 38 39 ] [ 0 1 2 3 ]
17 - [ 31 ] [ 32 ] [ 33 ] [ 34 ] [ 35 ] [ 36 ]
20 - [ 39 ] [ 40 ] [ 0 ] [ 1 ] [ 2 ] [ 3 ]
42 - [ 8 9 10 11 ] [ 12 13 14 15 ]
30 - [ 12 13 ] [ 14 15 ] [ 16 17 ] [ 18 19 ] [ 20 21 ] [ 22 23 ]
6 - [ 13 ] [ 14 ] [ 15 ] [ 16 ] [ 17 ] [ 18 ]
50 - [ 32 33 34 35 36 37 38 39 ] [ 0 1 2 3 4 5 6 7 ]
38 - [ 4 5 6 7 ] [ 8 9 10 11 ]
37 - [ 0 1 2 3 ] [ 4 5 6 7 ]
35 - [ 32 33 34 35 ] [ 36 37 38 39 ]
27 - [ 32 33 ] [ 34 35 ] [ 36 37 ] [ 38 39 ] [ 0 1 ] [ 2 3 ]
26 - [ 10 11 ] [ 12 13 ] [ 14 15 ] [ 16 17 ] [ 18 19 ] [ 20 21 ]
25 - [ 34 35 ] [ 36 37 ] [ 38 39 ] [ 0 1 ] [ 2 3 ] [ 4 5 ]
47 - [ 8 9 10 11 12 13 14 15 ] [ 16 17 18 19 20 21 22 23 ]
5 - [ 24 ] [ 25 ] [ 26 ] [ 27 ] [ 28 ] [ 29 ]
14 - [ 4 ] [ 5 ] [ 6 ] [ 7 ] [ 8 ] [ 9 ]
45 - [ 16 17 18 19 20 21 22 23 ] [ 24 25 26 27 28 29 30 31 ]
46 - [ 24 25 26 27 28 29 30 31 ] [ 32 33 34 35 36 37 38 39 ]
13 - [ 15 ] [ 16 ] [ 17 ] [ 18 ] [ 19 ] [ 20 ]
3 - [ 27 ] [ 28 ] [ 29 ] [ 30 ] [ 31 ] [ 32 ]
18 - [ 20 ] [ 21 ] [ 22 ] [ 23 ] [ 24 ] [ 25 ]
21 - [ 32 33 ] [ 34 35 ] [ 36 37 ] [ 38 39 ] [ 0 1 ] [ 2 3 ]
2 - [ 38 ] [ 39 ] [ 40 ] [ 0 ] [ 1 ] [ 2 ]
8 - [ 32 ] [ 33 ] [ 34 ] [ 35 ] [ 36 ] [ 37 ]
23 - [ 30 31 ] [ 32 33 ] [ 34 35 ] [ 36 37 ] [ 38 39 ] [ 0 1 ]
24 - [ 12 13 ] [ 14 15 ] [ 16 17 ] [ 18 19 ] [ 20 21 ] [ 22 23 ]
29 - [ 36 37 ] [ 38 39 ] [ 0 1 ] [ 2 3 ] [ 4 5 ] [ 6 7 ]
36 - [ 36 37 38 39 ] [ 0 1 2 3 ]
10 - [ 29 ] [ 30 ] [ 31 ] [ 32 ] [ 33 ] [ 34 ]
43 - [ 0 1 2 3 4 5 6 7 ] [ 8 9 10 11 12 13 14 15 ]
28 - [ 14 15 ] [ 16 17 ] [ 18 19 ] [ 20 21 ] [ 22 23 ] [ 24 25 ]
41 - [ 4 5 6 7 ] [ 8 9 10 11 ]
16 - [ 23 ] [ 24 ] [ 25 ] [ 26 ] [ 27 ] [ 28 ]
1 - [ 8 ] [ 9 ] [ 10 ] [ 11 ] [ 12 ] [ 13 ]
9 - [ 40 ] [ 0 ] [ 1 ] [ 2 ] [ 3 ] [ 4 ]
49 - [ 24 25 26 27 28 29 30 31 ] [ 32 33 34 35 36 37 38 39 ]
48 - [ 16 17 18 19 20 21 22 23 ] [ 24 25 26 27 28 29 30 31 ]
34 - [ 28 29 30 31 ] [ 32 33 34 35 ]
44 - [ 8 9 10 11 12 13 14 15 ] [ 16 17 18 19 20 21 22 23 ]
32 - [ 16 17 ] [ 18 19 ] [ 20 21 ] [ 22 23 ] [ 24 25 ] [ 26 27 ]
12 - [ 7 ] [ 8 ] [ 9 ] [ 10 ] [ 11 ] [ 12 ]
39 - [ 36 37 38 39 ] [ 0 1 2 3 ]
31 - [ 34 35 ] [ 36 37 ] [ 38 39 ] [ 0 1 ] [ 2 3 ] [ 4 5 ]
22 - [ 8 9 ] [ 10 11 ] [ 12 13 ] [ 14 15 ] [ 16 17 ] [ 18 19 ]
Subframe 3:
5 - [ 39 ] [ 40 ] [ 0 ] [ 1 ] [ 2 ] [ 3 ]
27 - [ 6 7 ] [ 8 9 ] [ 10 11 ] [ 12 13 ] [ 14 15 ] [ 16 17 ]
43 - [ 32 33 34 35 36 37 38 39 ] [ 0 1 2 3 4 5 6 7 ]
19 - [ 20 ] [ 21 ] [ 22 ] [ 23 ] [ 24 ] [ 25 ]
44 - [ 8 9 10 11 12 13 14 15 ] [ 16 17 18 19 20 21 22 23 ]
46 - [ 0 1 2 3 4 5 6 7 ] [ 8 9 10 11 12 13 14 15 ]
31 - [ 28 29 ] [ 30 31 ] [ 32 33 ] [ 34 35 ] [ 36 37 ] [ 38 39 ]
39 - [ 12 13 14 15 ] [ 16 17 18 19 ]
9 - [ 2 ] [ 3 ] [ 4 ] [ 5 ] [ 6 ] [ 7 ]
41 - [ 28 29 30 31 ] [ 32 33 34 35 ]
12 - [ 9 ] [ 10 ] [ 11 ] [ 12 ] [ 13 ] [ 14 ]
49 - [ 8 9 10 11 12 13 14 15 ] [ 16 17 18 19 20 21 22 23 ]
7 - [ 30 ] [ 31 ] [ 32 ] [ 33 ] [ 34 ] [ 35 ]
23 - [ 30 31 ] [ 32 33 ] [ 34 35 ] [ 36 37 ] [ 38 39 ] [ 0 1 ]
29 - [ 20 21 ] [ 22 23 ] [ 24 25 ] [ 26 27 ] [ 28 29 ] [ 30 31 ]
28 - [ 10 11 ] [ 12 13 ] [ 14 15 ] [ 16 17 ] [ 18 19 ] [ 20 21 ]
3 - [ 7 ] [ 8 ] [ 9 ] [ 10 ] [ 11 ] [ 12 ]
26 - [ 2 3 ] [ 4 5 ] [ 6 7 ] [ 8 9 ] [ 10 11 ] [ 12 13 ]
8 - [ 27 ] [ 28 ] [ 29 ] [ 30 ] [ 31 ] [ 32 ]
45 - [ 24 25 26 27 28 29 30 31 ] [ 32 33 34 35 36 37 38 39 ]
25 - [ 38 39 ] [ 0 1 ] [ 2 3 ] [ 4 5 ] [ 6 7 ] [ 8 9 ]
18 - [ 4 ] [ 5 ] [ 6 ] [ 7 ] [ 8 ] [ 9 ]
4 - [ 23 ] [ 24 ] [ 25 ] [ 26 ] [ 27 ] [ 28 ]
35 - [ 8 9 10 11 ] [ 12 13 14 15 ]
30 - [ 24 25 ] [ 26 27 ] [ 28 29 ] [ 30 31 ] [ 32 33 ] [ 34 35 ]
6 - [ 14 ] [ 15 ] [ 16 ] [ 17 ] [ 18 ] [ 19 ]
24 - [ 34 35 ] [ 36 37 ] [ 38 39 ] [ 0 1 ] [ 2 3 ] [ 4 5 ]
40 - [ 20 21 22 23 ] [ 24 25 26 27 ]
50 - [ 8 9 10 11 12 13 14 15 ] [ 16 17 18 19 20 21 22 23 ]
47 - [ 16 17 18 19 20 21 22 23 ] [ 24 25 26 27 28 29 30 31 ]
11 - [ 34 ] [ 35 ] [ 36 ] [ 37 ] [ 38 ] [ 39 ]
33 - [ 32 33 34 35 ] [ 36 37 38 39 ]
20 - [ 36 ] [ 37 ] [ 38 ] [ 39 ] [ 40 ] [ 0 ]
15 - [ 38 ] [ 39 ] [ 40 ] [ 0 ] [ 1 ] [ 2 ]
38 - [ 4 5 6 7 ] [ 8 9 10 11 ]
48 - [ 32 33 34 35 36 37 38 39 ] [ 0 1 2 3 4 5 6 7 ]
10 - [ 18 ] [ 19 ] [ 20 ] [ 21 ] [ 22 ] [ 23 ]
21 - [ 16 17 ] [ 18 19 ] [ 20 21 ] [ 22 23 ] [ 24 25 ] [ 26 27 ]
17 - [ 29 ] [ 30 ] [ 31 ] [ 32 ] [ 33 ] [ 34 ]
42 - [ 36 37 38 39 ] [ 0 1 2 3 ]
13 - [ 25 ] [ 26 ] [ 27 ] [ 28 ] [ 29 ] [ 30 ]
34 - [ 0 1 2 3 ] [ 4 5 6 7 ]
16 - [ 13 ] [ 14 ] [ 15 ] [ 16 ] [ 17 ] [ 18 ]
36 - [ 28 29 30 31 ] [ 32 33 34 35 ]
1 - [ 16 ] [ 17 ] [ 18 ] [ 19 ] [ 20 ] [ 21 ]
32 - [ 32 33 ] [ 34 35 ] [ 36 37 ] [ 38 39 ] [ 0 1 ] [ 2 3 ]
22 - [ 26 27 ] [ 28 29 ] [ 30 31 ] [ 32 33 ] [ 34 35 ] [ 36 37 ]
37 - [ 36 37 38 39 ] [ 0 1 2 3 ]
2 - [ 32 ] [ 33 ] [ 34 ] [ 35 ] [ 36 ] [ 37 ]
14 - [ 0 ] [ 1 ] [ 2 ] [ 3 ] [ 4 ] [ 5 ]
Subframe 4:
12 - [ 13 ] [ 14 ] [ 15 ] [ 16 ] [ 17 ] [ 18 ]
38 - [ 0 1 2 3 ] [ 4 5 6 7 ]
37 - [ 12 13 14 15 ] [ 16 17 18 19 ]
18 - [ 40 ] [ 0 ] [ 1 ] [ 2 ] [ 3 ] [ 4 ]
32 - [ 28 29 ] [ 30 31 ] [ 32 33 ] [ 34 35 ] [ 36 37 ] [ 38 39 ]
6 - [ 27 ] [ 28 ] [ 29 ] [ 30 ] [ 31 ] [ 32 ]
30 - [ 0 1 ] [ 2 3 ] [ 4 5 ] [ 6 7 ] [ 8 9 ] [ 10 11 ]
49 - [ 24 25 26 27 28 29 30 31 ] [ 32 33 34 35 36 37 38 39 ]
1 - [ 24 ] [ 25 ] [ 26 ] [ 27 ] [ 28 ] [ 29 ]
19 - [ 4 ] [ 5 ] [ 6 ] [ 7 ] [ 8 ] [ 9 ]
17 - [ 35 ] [ 36 ] [ 37 ] [ 38 ] [ 39 ] [ 40 ]
35 - [ 8 9 10 11 ] [ 12 13 14 15 ]
39 - [ 28 29 30 31 ] [ 32 33 34 35 ]
28 - [ 18 19 ] [ 20 21 ] [ 22 23 ] [ 24 25 ] [ 26 27 ] [ 28 29 ]
45 - [ 24 25 26 27 28 29 30 31 ] [ 32 33 34 35 36 37 38 39 ]
36 - [ 36 37 38 39 ] [ 0 1 2 3 ]
7 - [ 10 ] [ 11 ] [ 12 ] [ 13 ] [ 14 ] [ 15 ]
27 - [ 24 25 ] [ 26 27 ] [ 28 29 ] [ 30 31 ] [ 32 33 ] [ 34 35 ]
24 - [ 8 9 ] [ 10 11 ] [ 12 13 ] [ 14 15 ] [ 16 17 ] [ 18 19 ]
11 - [ 8 ] [ 9 ] [ 10 ] [ 11 ] [ 12 ] [ 13 ]
26 - [ 36 37 ] [ 38 39 ] [ 0 1 ] [ 2 3 ] [ 4 5 ] [ 6 7 ]
34 - [ 20 21 22 23 ] [ 24 25 26 27 ]
9 - [ 20 ] [ 21 ] [ 22 ] [ 23 ] [ 24 ] [ 25 ]
23 - [ 14 15 ] [ 16 17 ] [ 18 19 ] [ 20 21 ] [ 22 23 ] [ 24 25 ]
50 - [ 16 17 18 19 20 21 22 23 ] [ 24 25 26 27 28 29 30 31 ]
33 - [ 32 33 34 35 ] [ 36 37 38 39 ]
40 - [ 4 5 6 7 ] [ 8 9 10 11 ]
2 - [ 29 ] [ 30 ] [ 31 ] [ 32 ] [ 33 ] [ 34 ]
3 - [ 34 ] [ 35 ] [ 36 ] [ 37 ] [ 38 ] [ 39 ]
15 - [ 6 ] [ 7 ] [ 8 ] [ 9 ] [ 10 ] [ 11 ]
25 - [ 2 3 ] [ 4 5 ] [ 6 7 ] [ 8 9 ] [ 10 11 ] [ 12 13 ]
20 - [ 28 ] [ 29 ] [ 30 ] [ 31 ] [ 32 ] [ 33 ]
31 - [ 34 35 ] [ 36 37 ] [ 38 39 ] [ 0 1 ] [ 2 3 ] [ 4 5 ]
42 - [ 20 21 22 23 ] [ 24 25 26 27 ]
13 - [ 18 ] [ 19 ] [ 20 ] [ 21 ] [ 22 ] [ 23 ]
5 - [ 22 ] [ 23 ] [ 24 ] [ 25 ] [ 26 ] [ 27 ]
21 - [ 32 33 ] [ 34 35 ] [ 36 37 ] [ 38 39 ] [ 0 1 ] [ 2 3 ]
14 - [ 1 ] [ 2 ] [ 3 ] [ 4 ] [ 5 ] [ 6 ]
16 - [ 11 ] [ 12 ] [ 13 ] [ 14 ] [ 15 ] [ 16 ]
22 - [ 26 27 ] [ 28 29 ] [ 30 31 ] [ 32 33 ] [ 34 35 ] [ 36 37 ]
10 - [ 3 ] [ 4 ] [ 5 ] [ 6 ] [ 7 ] [ 8 ]
43 - [ 32 33 34 35 36 37 38 39 ] [ 0 1 2 3 4 5 6 7 ]
8 - [ 15 ] [ 16 ] [ 17 ] [ 18 ] [ 19 ] [ 20 ]
48 - [ 8 9 10 11 12 13 14 15 ] [ 16 17 18 19 20 21 22 23 ]
46 - [ 16 17 18 19 20 21 22 23 ] [ 24 25 26 27 28 29 30 31 ]
44 - [ 8 9 10 11 12 13 14 15 ] [ 16 17 18 19 20 21 22 23 ]
4 - [ 17 ] [ 18 ] [ 19 ] [ 20 ] [ 21 ] [ 22 ]
47 - [ 32 33 34 35 36 37 38 39 ] [ 0 1 2 3 4 5 6 7 ]
41 - [ 32 33 34 35 ] [ 36 37 38 39 ]
29 - [ 12 13 ] [ 14 15 ] [ 16 17 ] [ 18 19 ] [ 20 21 ] [ 22 23 ]
Subframe 5:
2 - [ 18 ] [ 19 ] [ 20 ] [ 21 ] [ 22 ] [ 23 ]
41 - [ 24 25 26 27 ] [ 28 29 30 31 ]
5 - [ 4 ] [ 5 ] [ 6 ] [ 7 ] [ 8 ] [ 9 ]
33 - [ 20 21 22 23 ] [ 24 25 26 27 ]
11 - [ 39 ] [ 40 ] [ 0 ] [ 1 ] [ 2 ] [ 3 ]
37 - [ 36 37 38 39 ] [ 0 1 2 3 ]
42 - [ 28 29 30 31 ] [ 32 33 34 35 ]
3 - [ 27 ] [ 28 ] [ 29 ] [ 30 ] [ 31 ] [ 32 ]
44 - [ 32 33 34 35 36 37 38 39 ] [ 0 1 2 3 4 5 6 7 ]
6 - [ 13 ] [ 14 ] [ 15 ] [ 16 ] [ 17 ] [ 18 ]
29 - [ 16 17 ] [ 18 19 ] [ 20 21 ] [ 22 23 ] [ 24 25 ] [ 26 27 ]
47 - [ 16 17 18 19 20 21 22 23 ] [ 24 25 26 27 28 29 30 31 ]
39 - [ 4 5 6 7 ] [ 8 9 10 11 ]
38 - [ 0 1 2 3 ] [ 4 5 6 7 ]
23 - [ 38 39 ] [ 0 1 ] [ 2 3 ] [ 4 5 ] [ 6 7 ] [ 8 9 ]
34 - [ 24 25 26 27 ] [ 28 29 30 31 ]
24 - [ 26 27 ] [ 28 29 ] [ 30 31 ] [ 32 33 ] [ 34 35 ] [ 36 37 ]
15 - [ 34 ] [ 35 ] [ 36 ] [ 37 ] [ 38 ] [ 39 ]
46 - [ 8 9 10 11 12 13 14 15 ] [ 16 17 18 19 20 21 22 23 ]
21 - [ 34 35 ] [ 36 37 ] [ 38 39 ] [ 0 1 ] [ 2 3 ] [ 4 5 ]
40 - [ 20 21 22 23 ] [ 24 25 26 27 ]
26 - [ 30 31 ] [ 32 33 ] [ 34 35 ] [ 36 37 ] [ 38 39 ] [ 0 1 ]
12 - [ 7 ] [ 8 ] [ 9 ] [ 10 ] [ 11 ] [ 12 ]
27 - [ 12 13 ] [ 14 15 ] [ 16 17 ] [ 18 19 ] [ 20 21 ] [ 22 23 ]
8 - [ 12 ] [ 13 ] [ 14 ] [ 15 ] [ 16 ] [ 17 ]
7 - [ 22 ] [ 23 ] [ 24 ] [ 25 ] [ 26 ] [ 27 ]
4 - [ 36 ] [ 37 ] [ 38 ] [ 39 ] [ 40 ] [ 0 ]
10 - [ 30 ] [ 31 ] [ 32 ] [ 33 ] [ 34 ] [ 35 ]
14 - [ 25 ] [ 26 ] [ 27 ] [ 28 ] [ 29 ] [ 30 ]
22 - [ 16 17 ] [ 18 19 ] [ 20 21 ] [ 22 23 ] [ 24 25 ] [ 26 27 ]
36 - [ 32 33 34 35 ] [ 36 37 38 39 ]
45 - [ 0 1 2 3 4 5 6 7 ] [ 8 9 10 11 12 13 14 15 ]
28 - [ 34 35 ] [ 36 37 ] [ 38 39 ] [ 0 1 ] [ 2 3 ] [ 4 5 ]
9 - [ 21 ] [ 22 ] [ 23 ] [ 24 ] [ 25 ] [ 26 ]
35 - [ 28 29 30 31 ] [ 32 33 34 35 ]
17 - [ 33 ] [ 34 ] [ 35 ] [ 36 ] [ 37 ] [ 38 ]
19 - [ 10 ] [ 11 ] [ 12 ] [ 13 ] [ 14 ] [ 15 ]
13 - [ 16 ] [ 17 ] [ 18 ] [ 19 ] [ 20 ] [ 21 ]
18 - [ 1 ] [ 2 ] [ 3 ] [ 4 ] [ 5 ] [ 6 ]
49 - [ 16 17 18 19 20 21 22 23 ] [ 24 25 26 27 28 29 30 31 ]
43 - [ 24 25 26 27 28 29 30 31 ] [ 32 33 34 35 36 37 38 39 ]
25 - [ 8 9 ] [ 10 11 ] [ 12 13 ] [ 14 15 ] [ 16 17 ] [ 18 19 ]
16 - [ 24 ] [ 25 ] [ 26 ] [ 27 ] [ 28 ] [ 29 ]
31 - [ 20 21 ] [ 22 23 ] [ 24 25 ] [ 26 27 ] [ 28 29 ] [ 30 31 ]
30 - [ 38 39 ] [ 0 1 ] [ 2 3 ] [ 4 5 ] [ 6 7 ] [ 8 9 ]
50 - [ 24 25 26 27 28 29 30 31 ] [ 32 33 34 35 36 37 38 39 ]
1 - [ 9 ] [ 10 ] [ 11 ] [ 12 ] [ 13 ] [ 14 ]
48 - [ 8 9 10 11 12 13 14 15 ] [ 16 17 18 19 20 21 22 23 ]
32 - [ 8 9 ] [ 10 11 ] [ 12 13 ] [ 14 15 ] [ 16 17 ] [ 18 19 ]
20 - [ 19 ] [ 20 ] [ 21 ] [ 22 ] [ 23 ] [ 24 ]
Subframe 6:
48 - [ 32 33 34 35 36 37 38 39 ] [ 0 1 2 3 4 5 6 7 ]
15 - [ 27 ] [ 28 ] [ 29 ] [ 30 ] [ 31 ] [ 32 ]
8 - [ 10 ] [ 11 ] [ 12 ] [ 13 ] [ 14 ] [ 15 ]
33 - [ 32 33 34 35 ] [ 36 37 38 39 ]
1 - [ 34 ] [ 35 ] [ 36 ] [ 37 ] [ 38 ] [ 39 ]
9 - [ 25 ] [ 26 ] [ 27 ] [ 28 ] [ 29 ] [ 30 ]
11 - [ 33 ] [ 34 ] [ 35 ] [ 36 ] [ 37 ] [ 38 ]
36 - [ 16 17 18 19 ] [ 20 21 22 23 ]
18 - [ 9 ] [ 10 ] [ 11 ] [ 12 ] [ 13 ] [ 14 ]
19 - [ 2 ] [ 3 ] [ 4 ] [ 5 ] [ 6 ] [ 7 ]
17 - [ 35 ] [ 36 ] [ 37 ] [ 38 ] [ 39 ] [ 40 ]
7 - [ 17 ] [ 18 ] [ 19 ] [ 20 ] [ 21 ] [ 22 ]
46 - [ 32 33 34 35 36 37 38 39 ] [ 0 1 2 3 4 5 6 7 ]
30 - [ 18 19 ] [ 20 21 ] [ 22 23 ] [ 24 25 ] [ 26 27 ] [ 28 29 ]
49 - [ 0 1 2 3 4 5 6 7 ] [ 8 9 10 11 12 13 14 15 ]
23 - [ 6 7 ] [ 8 9 ] [ 10 11 ] [ 12 13 ] [ 14 15 ] [ 16 17 ]
35 - [ 12 13 14 15 ] [ 16 17 18 19 ]
29 - [ 36 37 ] [ 38 39 ] [ 0 1 ] [ 2 3 ] [ 4 5 ] [ 6 7 ]
20 - [ 17 ] [ 18 ] [ 19 ] [ 20 ] [ 21 ] [ 22 ]
34 - [ 36 37 38 39 ] [ 0 1 2 3 ]
2 - [ 27 ] [ 28 ] [ 29 ] [ 30 ] [ 31 ] [ 32 ]
38 - [ 36 37 38 39 ] [ 0 1 2 3 ]
31 - [ 6 7 ] [ 8 9 ] [ 10 11 ] [ 12 13 ] [ 14 15 ] [ 16 17 ]
24 - [ 34 35 ] [ 36 37 ] [ 38 39 ] [ 0 1 ] [ 2 3 ] [ 4 5 ]
27 - [ 26 27 ] [ 28 29 ] [ 30 31 ] [ 32 33 ] [ 34 35 ] [ 36 37 ]
16 - [ 1 ] [ 2 ] [ 3 ] [ 4 ] [ 5 ] [ 6 ]
42 - [ 36 37 38 39 ] [ 0 1 2 3 ]
21 - [ 36 37 ] [ 38 39 ] [ 0 1 ] [ 2 3 ] [ 4 5 ] [ 6 7 ]
41 - [ 20 21 22 23 ] [ 24 25 26 27 ]
12 - [ 26 ] [ 27 ] [ 28 ] [ 29 ] [ 30 ] [ 31 ]
14 - [ 34 ] [ 35 ] [ 36 ] [ 37 ] [ 38 ] [ 39 ]
40 - [ 16 17 18 19 ] [ 20 21 22 23 ]
39 - [ 12 13 14 15 ] [ 16 17 18 19 ]
5 - [ 9 ] [ 10 ] [ 11 ] [ 12 ] [ 13 ] [ 14 ]
6 - [ 2 ] [ 3 ] [ 4 ] [ 5 ] [ 6 ] [ 7 ]
43 - [ 0 1 2 3 4 5 6 7 ] [ 8 9 10 11 12 13 14 15 ]
28 - [ 8 9 ] [ 10 11 ] [ 12 13 ] [ 14 15 ] [ 16 17 ] [ 18 19 ]
50 - [ 32 33 34 35 36 37 38 39 ] [ 0 1 2 3 4 5 6 7 ]
37 - [ 32 33 34 35 ] [ 36 37 38 39 ]
13 - [ 0 ] [ 1 ] [ 2 ] [ 3 ] [ 4 ] [ 5 ]
44 - [ 32 33 34 35 36 37 38 39 ] [ 0 1 2 3 4 5 6 7 ]
25 - [ 16 17 ] [ 18 19 ] [ 20 21 ] [ 22 23 ] [ 24 25 ] [ 26 27 ]
32 - [ 28 29 ] [ 30 31 ] [ 32 33 ] [ 34 35 ] [ 36 37 ] [ 38 39 ]
26 - [ 4 5 ] [ 6 7 ] [ 8 9 ] [ 10 11 ] [ 12 13 ] [ 14 15 ]
47 - [ 0 1 2 3 4 5 6 7 ] [ 8 9 10 11 12 13 14 15 ]
10 - [ 18 ] [ 19 ] [ 20 ] [ 21 ] [ 22 ] [ 23 ]
3 - [ 1 ] [ 2 ] [ 3 ] [ 4 ] [ 5 ] [ 6 ]
45 - [ 0 1 2 3 4 5 6 7 ] [ 8 9 10 11 12 13 14 15 ]
4 - [ 35 ] [ 36 ] [ 37 ] [ 38 ] [ 39 ] [ 40 ]
22 - [ 24 25 ] [ 26 27 ] [ 28 29 ] [ 30 31 ] [ 32 33 ] [ 34 35 ]
Subframe 7:
27 - [ 20 21 ] [ 22 23 ] [ 24 25 ] [ 26 27 ] [ 28 29 ] [ 30 31 ]
31 - [ 0 1 ] [ 2 3 ] [ 4 5 ] [ 6 7 ] [ 8 9 ] [ 10 11 ]
33 - [ 32 33 34 35 ] [ 36 37 38 39 ]
46 - [ 0 1 2 3 4 5 6 7 ] [ 8 9 10 11 12 13 14 15 ]
14 - [ 30 ] [ 31 ] [ 32 ] [ 33 ] [ 34 ] [ 35 ]
50 - [ 0 1 2 3 4 5 6 7 ] [ 8 9 10 11 12 13 14 15 ]
19 - [ 38 ] [ 39 ] [ 40 ] [ 0 ] [ 1 ] [ 2 ]
22 - [ 22 23 ] [ 24 25 ] [ 26 27 ] [ 28 29 ] [ 30 31 ] [ 32 33 ]
40 - [ 8 9 10 11 ] [ 12 13 14 15 ]
2 - [ 7 ] [ 8 ] [ 9 ] [ 10 ] [ 11 ] [ 12 ]
36 - [ 36 37 38 39 ] [ 0 1 2 3 ]
34 - [ 16 17 18 19 ] [ 20 21 22 23 ]
7 - [ 15 ] [ 16 ] [ 17 ] [ 18 ] [ 19 ] [ 20 ]
1 - [ 13 ] [ 14 ] [ 15 ] [ 16 ] [ 17 ] [ 18 ]
44 - [ 16 17 18 19 20 21 22 23 ] [ 24 25 26 27 28 29 30 31 ]
11 - [ 29 ] [ 30 ] [ 31 ] [ 32 ] [ 33 ] [ 34 ]
16 - [ 37 ] [ 38 ] [ 39 ] [ 40 ] [ 0 ] [ 1 ]
3 - [ 20 ] [ 21 ] [ 22 ] [ 23 ] [ 24 ] [ 25 ]
41 - [ 32 33 34 35 ] [ 36 37 38 39 ]
37 - [ 32 33 34 35 ] [ 36 37 38 39 ]
39 - [ 12 13 14 15 ] [ 16 17 18 19 ]
45 - [ 8 9 10 11 12 13 14 15 ] [ 16 17 18 19 20 21 22 23 ]
21 - [ 4 5 ] [ 6 7 ] [ 8 9 ] [ 10 11 ] [ 12 13 ] [ 14 15 ]
17 - [ 31 ] [ 32 ] [ 33 ] [ 34 ] [ 35 ] [ 36 ]
28 - [ 38 39 ] [ 0 1 ] [ 2 3 ] [ 4 5 ] [ 6 7 ] [ 8 9 ]
30 - [ 28 29 ] [ 30 31 ] [ 32 33 ] [ 34 35 ] [ 36 37 ] [ 38 39 ]
6 - [ 21 ] [ 22 ] [ 23 ] [ 24 ] [ 25 ] [ 26 ]
8 - [ 28 ] [ 29 ] [ 30 ] [ 31 ] [ 32 ] [ 33 ]
48 - [ 0 1 2 3 4 5 6 7 ] [ 8 9 10 11 12 13 14 15 ]
20 - [ 32 ] [ 33 ] [ 34 ] [ 35 ] [ 36 ] [ 37 ]
13 - [ 36 ] [ 37 ] [ 38 ] [ 39 ] [ 40 ] [ 0 ]
4 - [ 14 ] [ 15 ] [ 16 ] [ 17 ] [ 18 ] [ 19 ]
38 - [ 28 29 30 31 ] [ 32 33 34 35 ]
12 - [ 23 ] [ 24 ] [ 25 ] [ 26 ] [ 27 ] [ 28 ]
26 - [ 2 3 ] [ 4 5 ] [ 6 7 ] [ 8 9 ] [ 10 11 ] [ 12 13 ]
47 - [ 8 9 10 11 12 13 14 15 ] [ 16 17 18 19 20 21 22 23 ]
5 - [ 8 ] [ 9 ] [ 10 ] [ 11 ] [ 12 ] [ 13 ]
49 - [ 8 9 10 11 12 13 14 15 ] [ 16 17 18 19 20 21 22 23 ]
10 - [ 16 ] [ 17 ] [ 18 ] [ 19 ] [ 20 ] [ 21 ]
23 - [ 0 1 ] [ 2 3 ] [ 4 5 ] [ 6 7 ] [ 8 9 ] [ 10 11 ]
35 - [ 12 13 14 15 ] [ 16 17 18 19 ]
15 - [ 24 ] [ 25 ] [ 26 ] [ 27 ] [ 28 ] [ 29 ]
42 - [ 28 29 30 31 ] [ 32 33 34 35 ]
18 - [ 3 ] [ 4 ] [ 5 ] [ 6 ] [ 7 ] [ 8 ]
32 - [ 18 19 ] [ 20 21 ] [ 22 23 ] [ 24 25 ] [ 26 27 ] [ 28 29 ]
25 - [ 30 31 ] [ 32 33 ] [ 34 35 ] [ 36 37 ] [ 38 39 ] [ 0 1 ]
9 - [ 22 ] [ 23 ] [ 24 ] [ 25 ] [ 26 ] [ 27 ]
29 - [ 10 11 ] [ 12 13 ] [ 14 15 ] [ 16 17 ] [ 18 19 ] [ 20 21 ]
43 - [ 8 9 10 11 12 13 14 15 ] [ 16 17 18 19 20 21 22 23 ]
24 - [ 12 13 ] [ 14 15 ] [ 16 17 ] [ 18 19 ] [ 20 21 ] [ 22 23 ]
Subframe 8:
9 - [ 29 ] [ 30 ] [ 31 ] [ 32 ] [ 33 ] [ 34 ]
31 - [ 4 5 ] [ 6 7 ] [ 8 9 ] [ 10 11 ] [ 12 13 ] [ 14 15 ]
13 - [ 38 ] [ 39 ] [ 40 ] [ 0 ] [ 1 ] [ 2 ]
48 - [ 32 33 34 35 36 37 38 39 ] [ 0 1 2 3 4 5 6 7 ]
41 - [ 8 9 10 11 ] [ 12 13 14 15 ]
35 - [ 8 9 10 11 ] [ 12 13 14 15 ]
32 - [ 34 35 ] [ 36 37 ] [ 38 39 ] [ 0 1 ] [ 2 3 ] [ 4 5 ]
50 - [ 32 33 34 35 36 37 38 39 ] [ 0 1 2 3 4 5 6 7 ]
5 - [ 20 ] [ 21 ] [ 22 ] [ 23 ] [ 24 ] [ 25 ]
26 - [ 14 15 ] [ 16 17 ] [ 18 19 ] [ 20 21 ] [ 22 23 ] [ 24 25 ]
2 - [ 3 ] [ 4 ] [ 5 ] [ 6 ] [ 7 ] [ 8 ]
28 - [ 34 35 ] [ 36 37 ] [ 38 39 ] [ 0 1 ] [ 2 3 ] [ 4 5 ]
25 - [ 24 25 ] [ 26 27 ] [ 28 29 ] [ 30 31 ] [ 32 33 ] [ 34 35 ]
1 - [ 11 ] [ 12 ] [ 13 ] [ 14 ] [ 15 ] [ 16 ]
3 - [ 36 ] [ 37 ] [ 38 ] [ 39 ] [ 40 ] [ 0 ]
24 - [ 34 35 ] [ 36 37 ] [ 38 39 ] [ 0 1 ] [ 2 3 ] [ 4 5 ]
30 - [ 14 15 ] [ 16 17 ] [ 18 19 ] [ 20 21 ] [ 22 23 ] [ 24 25 ]
7 - [ 4 ] [ 5 ] [ 6 ] [ 7 ] [ 8 ] [ 9 ]
15 - [ 22 ] [ 23 ] [ 24 ] [ 25 ] [ 26 ] [ 27 ]
20 - [ 23 ] [ 24 ] [ 25 ] [ 26 ] [ 27 ] [ 28 ]
16 - [ 14 ] [ 15 ] [ 16 ] [ 17 ] [ 18 ] [ 19 ]
38 - [ 28 29 30 31 ] [ 32 33 34 35 ]
40 - [ 28 29 30 31 ] [ 32 33 34 35 ]
44 - [ 32 33 34 35 36 37 38 39 ] [ 0 1 2 3 4 5 6 7 ]
29 - [ 24 25 ] [ 26 27 ] [ 28 29 ] [ 30 31 ] [ 32 33 ] [ 34 35 ]
8 - [ 37 ] [ 38 ] [ 39 ] [ 40 ] [ 0 ] [ 1 ]
19 - [ 31 ] [ 32 ] [ 33 ] [ 34 ] [ 35 ] [ 36 ]
45 - [ 32 33 34 35 36 37 38 39 ] [ 0 1 2 3 4 5 6 7 ]
43 - [ 32 33 34 35 36 37 38 39 ] [ 0 1 2 3 4 5 6 7 ]
36 - [ 28 29 30 31 ] [ 32 33 34 35 ]
6 - [ 12 ] [ 13 ] [ 14 ] [ 15 ] [ 16 ] [ 17 ]
34 - [ 28 29 30 31 ] [ 32 33 34 35 ]
42 - [ 28 29 30 31 ] [ 32 33 34 35 ]
23 - [ 4 5 ] [ 6 7 ] [ 8 9 ] [ 10 11 ] [ 12 13 ] [ 14 15 ]
21 - [ 24 25 ] [ 26 27 ] [ 28 29 ] [ 30 31 ] [ 32 33 ] [ 34 35 ]
22 - [ 14 15 ] [ 16 17 ] [ 18 19 ] [ 20 21 ] [ 22 23 ] [ 24 25 ]
33 - [ 8 9 10 11 ] [ 12 13 14 15 ]
18 - [ 39 ] [ 40 ] [ 0 ] [ 1 ] [ 2 ] [ 3 ]
47 - [ 32 33 34 35 36 37 38 39 ] [ 0 1 2 3 4 5 6 7 ]
12 - [ 5 ] [ 6 ] [ 7 ] [ 8 ] [ 9 ] [ 10 ]
10 - [ 21 ] [ 22 ] [ 23 ] [ 24 ] [ 25 ] [ 26 ]
49 - [ 32 33 34 35 36 37 38 39 ] [ 0 1 2 3 4 5 6 7 ]
39 - [ 8 9 10 11 ] [ 12 13 14 15 ]
27 - [ 4 5 ] [ 6 7 ] [ 8 9 ] [ 10 11 ] [ 12 13 ] [ 14 15 ]
37 - [ 8 9 10 11 ] [ 12 13 14 15 ]
11 - [ 13 ] [ 14 ] [ 15 ] [ 16 ] [ 17 ] [ 18 ]
17 - [ 6 ] [ 7 ] [ 8 ] [ 9 ] [ 10 ] [ 11 ]
4 - [ 28 ] [ 29 ] [ 30 ] [ 31 ] [ 32 ] [ 33 ]
46 - [ 32 33 34 35 36 37 38 39 ] [ 0 1 2 3 4 5 6 7 ]
14 - [ 30 ] [ 31 ] [ 32 ] [ 33 ] [ 34 ] [ 35 ]
Subframe 9:
29 - [ 34 35 ] [ 36 37 ] [ 38 39 ] [ 0 1 ] [ 2 3 ] [ 4 5 ]
24 - [ 28 29 ] [ 30 31 ] [ 32 33 ] [ 34 35 ] [ 36 37 ] [ 38 39 ]
42 - [ 32 33 34 35 ] [ 36 37 38 39 ]
22 - [ 6 7 ] [ 8 9 ] [ 10 11 ] [ 12 13 ] [ 14 15 ] [ 16 17 ]
11 - [ 7 ] [ 8 ] [ 9 ] [ 10 ] [ 11 ] [ 12 ]
43 - [ 16 17 18 19 20 21 22 23 ] [ 24 25 26 27 28 29 30 31 ]
33 - [ 24 25 26 27 ] [ 28 29 30 31 ]
5 - [ 35 ] [ 36 ] [ 37 ] [ 38 ] [ 39 ] [ 40 ]
40 - [ 0 1 2 3 ] [ 4 5 6 7 ]
4 - [ 16 ] [ 17 ] [ 18 ] [ 19 ] [ 20 ] [ 21 ]
44 - [ 32 33 34 35 36 37 38 39 ] [ 0 1 2 3 4 5 6 7 ]
28 - [ 26 27 ] [ 28 29 ] [ 30 31 ] [ 32 33 ] [ 34 35 ] [ 36 37 ]
10 - [ 29 ] [ 30 ] [ 31 ] [ 32 ] [ 33 ] [ 34 ]
12 - [ 7 ] [ 8 ] [ 9 ] [ 10 ] [ 11 ] [ 12 ]
8 - [ 32 ] [ 33 ] [ 34 ] [ 35 ] [ 36 ] [ 37 ]
32 - [ 24 25 ] [ 26 27 ] [ 28 29 ] [ 30 31 ] [ 32 33 ] [ 34 35 ]
35 - [ 16 17 18 19 ] [ 20 21 22 23 ]
38 - [ 36 37 38 39 ] [ 0 1 2 3 ]
3 - [ 16 ] [ 17 ] [ 18 ] [ 19 ] [ 20 ] [ 21 ]
36 - [ 4 5 6 7 ] [ 8 9 10 11 ]
26 - [ 4 5 ] [ 6 7 ] [ 8 9 ] [ 10 11 ] [ 12 13 ] [ 14 15 ]
45 - [ 24 25 26 27 28 29 30 31 ] [ 32 33 34 35 36 37 38 39 ]
37 - [ 20 21 22 23 ] [ 24 25 26 27 ]
20 - [ 39 ] [ 40 ] [ 0 ] [ 1 ] [ 2 ] [ 3 ]
21 - [ 38 39 ] [ 0 1 ] [ 2 3 ] [ 4 5 ] [ 6 7 ] [ 8 9 ]
50 - [ 8 9 10 11 12 13 14 15 ] [ 16 17 18 19 20 21 22 23 ]
7 - [ 32 ] [ 33 ] [ 34 ] [ 35 ] [ 36 ] [ 37 ]
16 - [ 23 ] [ 24 ] [ 25 ] [ 26 ] [ 27 ] [ 28 ]
47 - [ 8 9 10 11 12 13 14 15 ] [ 16 17 18 19 20 21 22 23 ]
30 - [ 2 3 ] [ 4 5 ] [ 6 7 ] [ 8 9 ] [ 10 11 ] [ 12 13 ]
9 - [ 10 ] [ 11 ] [ 12 ] [ 13 ] [ 14 ] [ 15 ]
25 - [ 36 37 ] [ 38 39 ] [ 0 1 ] [ 2 3 ] [ 4 5 ] [ 6 7 ]
48 - [ 24 25 26 27 28 29 30 31 ] [ 32 33 34 35 36 37 38 39 ]
39 - [ 12 13 14 15 ] [ 16 17 18 19 ]
34 - [ 0 1 2 3 ] [ 4 5 6 7 ]
23 - [ 14 15 ] [ 16 17 ] [ 18 19 ] [ 20 21 ] [ 22 23 ] [ 24 25 ]
18 - [ 20 ] [ 21 ] [ 22 ] [ 23 ] [ 24 ] [ 25 ]
49 - [ 16 17 18 19 20 21 22 23 ] [ 24 25 26 27 28 29 30 31 ]
6 - [ 13 ] [ 14 ] [ 15 ] [ 16 ] [ 17 ] [ 18 ]
19 - [ 39 ] [ 40 ] [ 0 ] [ 1 ] [ 2 ] [ 3 ]
27 - [ 12 13 ] [ 14 15 ] [ 16 17 ] [ 18 19 ] [ 20 21 ] [ 22 23 ]
1 - [ 19 ] [ 20 ] [ 21 ] [ 22 ] [ 23 ] [ 24 ]
17 - [ 1 ] [ 2 ] [ 3 ] [ 4 ] [ 5 ] [ 6 ]
41 - [ 16 17 18 19 ] [ 20 21 22 23 ]
46 - [ 16 17 18 19 20 21 22 23 ] [ 24 25 26 27 28 29 30 31 ]
31 - [ 10 11 ] [ 12 13 ] [ 14 15 ] [ 16 17 ] [ 18 19 ] [ 20 21 ]
14 - [ 4 ] [ 5 ] [ 6 ] [ 7 ] [ 8 ] [ 9 ]
15 - [ 23 ] [ 24 ] [ 25 ] [ 26 ] [ 27 ] [ 28 ]
2 - [ 38 ] [ 39 ] [ 40 ] [ 0 ] [ 1 ] [ 2 ]
13 - [ 26 ] [ 27 ] [ 28 ] [ 29 ] [ 30 ] [ 31 ]
