Subframe 0:
39 - [ 8 9 10 11 ] [ 12 13 14 15 ]
12 - [ 5 ] [ 6 ] [ 7 ] [ 8 ] [ 9 ] [ 10 ]
14 - [ 2 ] [ 3 ] [ 4 ] [ 5 ] [ 6 ] [ 7 ]
28 - [ 14 15 ] [ 16 17 ] [ 18 19 ] [ 0 1 ] [ 2 3 ] [ 4 5 ]
47 - [ 8 9 10 11 12 13 14 15 ] [ 0 1 2 3 4 5 6 7 ]
21 - [ 6 7 ] [ 8 9 ] [ 10 11 ] [ 12 13 ] [ 14 15 ] [ 16 17 ]
22 - [ 6 7 ] [ 8 9 ] [ 10 11 ] [ 12 13 ] [ 14 15 ] [ 16 17 ]
7 - [ 1 ] [ 2 ] [ 3 ] [ 4 ] [ 5 ] [ 6 ]
8 - [ 8 ] [ 9 ] [ 10 ] [ 11 ] [ 12 ] [ 13 ]
17 - [ 9 ] [ 10 ] [ 11 ] [ 12 ] [ 13 ] [ 14 ]
20 - [ 16 ] [ 17 ] [ 18 ] [ 19 ] [ 0 ] [ 1 ]
25 - [ 0 1 ] [ 2 3 ] [ 4 5 ] [ 6 7 ] [ 8 9 ] [ 10 11 ]
2 - [ 17 ] [ 18 ] [ 19 ] [ 0 ] [ 1 ] [ 2 ]
41 - [ 16 17 18 19 ] [ 0 1 2 3 ]
37 - [ 0 1 2 3 ] [ 4 5 6 7 ]
10 - [ 8 ] [ 9 ] [ 10 ] [ 11 ] [ 12 ] [ 13 ]
24 - [ 0 1 ] [ 2 3 ] [ 4 5 ] [ 6 7 ] [ 8 9 ] [ 10 11 ]
26 - [ 14 15 ] [ 16 17 ] [ 18 19 ] [ 0 1 ] [ 2 3 ] [ 4 5 ]
9 - [ 18 ] [ 19 ] [ 0 ] [ 1 ] [ 2 ] [ 3 ]
4 - [ 14 ] [ 15 ] [ 16 ] [ 17 ] [ 18 ] [ 19 ]
11 - [ 15 ] [ 16 ] [ 17 ] [ 18 ] [ 19 ] [ 0 ]
42 - [ 16 17 18 19 ] [ 0 1 2 3 ]
23 - [ 0 1 ] [ 2 3 ] [ 4 5 ] [ 6 7 ] [ 8 9 ] [ 10 11 ]
15 - [ 12 ] [ 13 ] [ 14 ] [ 15 ] [ 16 ] [ 17 ]
3 - [ 4 ] [ 5 ] [ 6 ] [ 7 ] [ 8 ] [ 9 ]
5 - [ 4 ] [ 5 ] [ 6 ] [ 7 ] [ 8 ] [ 9 ]
27 - [ 14 15 ] [ 16 17 ] [ 18 19 ] [ 0 1 ] [ 2 3 ] [ 4 5 ]
40 - [ 8 9 10 11 ] [ 12 13 14 15 ]
34 - [ 12 13 14 15 ] [ 16 17 18 19 ]
35 - [ 12 13 14 15 ] [ 16 17 18 19 ]
30 - [ 8 9 ] [ 10 11 ] [ 12 13 ] [ 14 15 ] [ 16 17 ] [ 18 19 ]
36 - [ 0 1 2 3 ] [ 4 5 6 7 ]
49 - [ 0 1 2 3 4 5 6 7 ] [ 8 9 10 11 12 13 14 15 ]
6 - [ 11 ] [ 12 ] [ 13 ] [ 14 ] [ 15 ] [ 16 ]
18 - [ 16 ] [ 17 ] [ 18 ] [ 19 ] [ 0 ] [ 1 ]
38 - [ 0 1 2 3 ] [ 4 5 6 7 ]
46 - [ 8 9 10 11 12 13 14 15 ] [ 0 1 2 3 4 5 6 7 ]
13 - [ 12 ] [ 13 ] [ 14 ] [ 15 ] [ 16 ] [ 17 ]
45 - [ 0 1 2 3 4 5 6 7 ] [ 8 9 10 11 12 13 14 15 ]
16 - [ 19 ] [ 0 ] [ 1 ] [ 2 ] [ 3 ] [ 4 ]
31 - [ 2 3 ] [ 4 5 ] [ 6 7 ] [ 8 9 ] [ 10 11 ] [ 12 13 ]
33 - [ 4 5 6 7 ] [ 8 9 10 11 ]
29 - [ 8 9 ] [ 10 11 ] [ 12 13 ] [ 14 15 ] [ 16 17 ] [ 18 19 ]
19 - [ 6 ] [ 7 ] [ 8 ] [ 9 ] [ 10 ] [ 11 ]
48 - [ 8 9 10 11 12 13 14 15 ] [ 0 1 2 3 4 5 6 7 ]
50 - [ 0 1 2 3 4 5 6 7 ] [ 8 9 10 11 12 13 14 15 ]
1 - [ 7 ] [ 8 ] [ 9 ] [ 10 ] [ 11 ] [ 12 ]
43 - [ 8 9 10 11 12 13 14 15 ] [ 0 1 2 3 4 5 6 7 ]
32 - [ 2 3 ] [ 4 5 ] [ 6 7 ] [ 8 9 ] [ 10 11 ] [ 12 13 ]
44 - [ 0 1 2 3 4 5 6 7 ] [ 8 9 10 11 12 13 14 15 ]
Subframe 1:
50 - [ 0 1 2 3 4 5 6 7 ] [ 8 9 10 11 12 13 14 15 ]
33 - [ 12 13 14 15 ] [ 16 17 18 19 ]
37 - [ 0 1 2 3 ] [ 4 5 6 7 ]
40 - [ 16 17 18 19 ] [ 0 1 2 3 ]
46 - [ 0 1 2 3 4 5 6 7 ] [ 8 9 10 11 12 13 14 15 ]
27 - [ 6 7 ] [ 8 9 ] [ 10 11 ] [ 12 13 ] [ 14 15 ] [ 16 17 ]
15 - [ 7 ] [ 8 ] [ 9 ] [ 10 ] [ 11 ] [ 12 ]
18 - [ 1 ] [ 2 ] [ 3 ] [ 4 ] [ 5 ] [ 6 ]
24 - [ 18 19 ] [ 0 1 ] [ 2 3 ] [ 4 5 ] [ 6 7 ] [ 8 9 ]
4 - [ 9 ] [ 10 ] [ 11 ] [ 12 ] [ 13 ] [ 14 ]
25 - [ 14 15 ] [ 16 17 ] [ 18 19 ] [ 0 1 ] [ 2 3 ] [ 4 5 ]
30 - [ 14 15 ] [ 16 17 ] [ 18 19 ] [ 0 1 ] [ 2 3 ] [ 4 5 ]
14 - [ 9 ] [ 10 ] [ 11 ] [ 12 ] [ 13 ] [ 14 ]
11 - [ 15 ] [ 16 ] [ 17 ] [ 18 ] [ 19 ] [ 0 ]
1 - [ 15 ] [ 16 ] [ 17 ] [ 18 ] [ 19 ] [ 0 ]
9 - [ 19 ] [ 0 ] [ 1 ] [ 2 ] [ 3 ] [ 4 ]
41 - [ 8 9 10 11 ] [ 12 13 14 15 ]
39 - [ 4 5 6 7 ] [ 8 9 10 11 ]
10 - [ 17 ] [ 18 ] [ 19 ] [ 0 ] [ 1 ] [ 2 ]
26 - [ 10 11 ] [ 12 13 ] [ 14 15 ] [ 16 17 ] [ 18 19 ] [ 0 1 ]
36 - [ 8 9 10 11 ] [ 12 13 14 15 ]
22 - [ 6 7 ] [ 8 9 ] [ 10 11 ] [ 12 13 ] [ 14 15 ] [ 16 17 ]
21 - [ 10 11 ] [ 12 13 ] [ 14 15 ] [ 16 17 ] [ 18 19 ] [ 0 1 ]
8 - [ 1 ] [ 2 ] [ 3 ] [ 4 ] [ 5 ] [ 6 ]
2 - [ 13 ] [ 14 ] [ 15 ] [ 16 ] [ 17 ] [ 18 ]
6 - [ 5 ] [ 6 ] [ 7 ] [ 8 ] [ 9 ] [ 10 ]
49 - [ 0 1 2 3 4 5 6 7 ] [ 8 9 10 11 12 13 14 15 ]
17 - [ 3 ] [ 4 ] [ 5 ] [ 6 ] [ 7 ] [ 8 ]
20 - [ 17 ] [ 18 ] [ 19 ] [ 0 ] [ 1 ] [ 2 ]
16 - [ 5 ] [ 6 ] [ 7 ] [ 8 ] [ 9 ] [ 10 ]
44 - [ 0 1 2 3 4 5 6 7 ] [ 8 9 10 11 12 13 14 15 ]
13 - [ 11 ] [ 12 ] [ 13 ] [ 14 ] [ 15 ] [ 16 ]
48 - [ 0 1 2 3 4 5 6 7 ] [ 8 9 10 11 12 13 14 15 ]
45 - [ 0 1 2 3 4 5 6 7 ] [ 8 9 10 11 12 13 14 15 ]
32 - [ 0 1 ] [ 2 3 ] [ 4 5 ] [ 6 7 ] [ 8 9 ] [ 10 11 ]
5 - [ 7 ] [ 8 ] [ 9 ] [ 10 ] [ 11 ] [ 12 ]
19 - [ 19 ] [ 0 ] [ 1 ] [ 2 ] [ 3 ] [ 4 ]
12 - [ 13 ] [ 14 ] [ 15 ] [ 16 ] [ 17 ] [ 18 ]
38 - [ 12 13 14 15 ] [ 16 17 18 19 ]
43 - [ 0 1 2 3 4 5 6 7 ] [ 8 9 10 11 12 13 14 15 ]
35 - [ 16 17 18 19 ] [ 0 1 2 3 ]
3 - [ 11 ] [ 12 ] [ 13 ] [ 14 ] [ 15 ] [ 16 ]
42 - [ 0 1 2 3 ] [ 4 5 6 7 ]
28 - [ 2 3 ] [ 4 5 ] [ 6 7 ] [ 8 9 ] [ 10 11 ] [ 12 13 ]
34 - [ 4 5 6 7 ] [ 8 9 10 11 ]
7 - [ 3 ] [ 4 ] [ 5 ] [ 6 ] [ 7 ] [ 8 ]
23 - [ 2 3 ] [ 4 5 ] [ 6 7 ] [ 8 9 ] [ 10 11 ] [ 12 13 ]
29 - [ 18 19 ] [ 0 1 ] [ 2 3 ] [ 4 5 ] [ 6 7 ] [ 8 9 ]
31 - [ 10 11 ] [ 12 13 ] [ 14 15 ] [ 16 17 ] [ 18 19 ] [ 0 1 ]
47 - [ 0 1 2 3 4 5 6 7 ] [ 8 9 10 11 12 13 14 15 ]
Subframe 2:
7 - [ 11 ] [ 12 ] [ 13 ] [ 14 ] [ 15 ] [ 16 ]
15 - [ 13 ] [ 14 ] [ 15 ] [ 16 ] [ 17 ] [ 18 ]
11 - [ 12 ] [ 13 ] [ 14 ] [ 15 ] [ 16 ] [ 17 ]
19 - [ 14 ] [ 15 ] [ 16 ] [ 17 ] [ 18 ] [ 19 ]
40 - [ 0 1 2 3 ] [ 4 5 6 7 ]
4 - [ 1 ] [ 2 ] [ 3 ] [ 4 ] [ 5 ] [ 6 ]
33 - [ 16 17 18 19 ] [ 0 1 2 3 ]
17 - [ 12 ] [ 13 ] [ 14 ] [ 15 ] [ 16 ] [ 17 ]
20 - [ 5 ] [ 6 ] [ 7 ] [ 8 ] [ 9 ] [ 10 ]
42 - [ 8 9 10 11 ] [ 12 13 14 15 ]
30 - [ 12 13 ] [ 14 15 ] [ 16 17 ] [ 18 19 ] [ 0 1 ] [ 2 3 ]
6 - [ 0 ] [ 1 ] [ 2 ] [ 3 ] [ 4 ] [ 5 ]
50 - [ 0 1 2 3 4 5 6 7 ] [ 8 9 10 11 12 13 14 15 ]
38 - [ 4 5 6 7 ] [ 8 9 10 11 ]
37 - [ 0 1 2 3 ] [ 4 5 6 7 ]
35 - [ 12 13 14 15 ] [ 16 17 18 19 ]
27 - [ 12 13 ] [ 14 15 ] [ 16 17 ] [ 18 19 ] [ 0 1 ] [ 2 3 ]
26 - [ 10 11 ] [ 12 13 ] [ 14 15 ] [ 16 17 ] [ 18 19 ] [ 0 1 ]
25 - [ 14 15 ] [ 16 17 ] [ 18 19 ] [ 0 1 ] [ 2 3 ] [ 4 5 ]
47 - [ 8 9 10 11 12 13 14 15 ] [ 0 1 2 3 4 5 6 7 ]
5 - [ 9 ] [ 10 ] [ 11 ] [ 12 ] [ 13 ] [ 14 ]
14 - [ 2 ] [ 3 ] [ 4 ] [ 5 ] [ 6 ] [ 7 ]
45 - [ 0 1 2 3 4 5 6 7 ] [ 8 9 10 11 12 13 14 15 ]
46 - [ 8 9 10 11 12 13 14 15 ] [ 0 1 2 3 4 5 6 7 ]
13 - [ 11 ] [ 12 ] [ 13 ] [ 14 ] [ 15 ] [ 16 ]
3 - [ 10 ] [ 11 ] [ 12 ] [ 13 ] [ 14 ] [ 15 ]
18 - [ 3 ] [ 4 ] [ 5 ] [ 6 ] [ 7 ] [ 8 ]
21 - [ 12 13 ] [ 14 15 ] [ 16 17 ] [ 18 19 ] [ 0 1 ] [ 2 3 ]
2 - [ 19 ] [ 0 ] [ 1 ] [ 2 ] [ 3 ] [ 4 ]
8 - [ 2 ] [ 3 ] [ 4 ] [ 5 ] [ 6 ] [ 7 ]
23 - [ 10 11 ] [ 12 13 ] [ 14 15 ] [ 16 17 ] [ 18 19 ] [ 0 1 ]
24 - [ 12 13 ] [ 14 15 ] [ 16 17 ] [ 18 19 ] [ 0 1 ] [ 2 3 ]
29 - [ 16 17 ] [ 18 19 ] [ 0 1 ] [ 2 3 ] [ 4 5 ] [ 6 7 ]
36 - [ 16 17 18 19 ] [ 0 1 2 3 ]
10 - [ 1 ] [ 2 ] [ 3 ] [ 4 ] [ 5 ] [ 6 ]
43 - [ 0 1 2 3 4 5 6 7 ] [ 8 9 10 11 12 13 14 15 ]
28 - [ 14 15 ] [ 16 17 ] [ 18 19 ] [ 0 1 ] [ 2 3 ] [ 4 5 ]
41 - [ 4 5 6 7 ] [ 8 9 10 11 ]
16 - [ 4 ] [ 5 ] [ 6 ] [ 7 ] [ 8 ] [ 9 ]
1 - [ 8 ] [ 9 ] [ 10 ] [ 11 ] [ 12 ] [ 13 ]
9 - [ 10 ] [ 11 ] [ 12 ] [ 13 ] [ 14 ] [ 15 ]
49 - [ 8 9 10 11 12 13 14 15 ] [ 0 1 2 3 4 5 6 7 ]
48 - [ 0 1 2 3 4 5 6 7 ] [ 8 9 10 11 12 13 14 15 ]
34 - [ 8 9 10 11 ] [ 12 13 14 15 ]
44 - [ 8 9 10 11 12 13 14 15 ] [ 0 1 2 3 4 5 6 7 ]
32 - [ 16 17 ] [ 18 19 ] [ 0 1 ] [ 2 3 ] [ 4 5 ] [ 6 7 ]
12 - [ 3 ] [ 4 ] [ 5 ] [ 6 ] [ 7 ] [ 8 ]
39 - [ 16 17 18 19 ] [ 0 1 2 3 ]
31 - [ 14 15 ] [ 16 17 ] [ 18 19 ] [ 0 1 ] [ 2 3 ] [ 4 5 ]
22 - [ 8 9 ] [ 10 11 ] [ 12 13 ] [ 14 15 ] [ 16 17 ] [ 18 19 ]
Subframe 3:
5 - [ 10 ] [ 11 ] [ 12 ] [ 13 ] [ 14 ] [ 15 ]
27 - [ 6 7 ] [ 8 9 ] [ 10 11 ] [ 12 13 ] [ 14 15 ] [ 16 17 ]
43 - [ 0 1 2 3 4 5 6 7 ] [ 8 9 10 11 12 13 14 15 ]
19 - [ 4 ] [ 5 ] [ 6 ] [ 7 ] [ 8 ] [ 9 ]
44 - [ 0 1 2 3 4 5 6 7 ] [ 8 9 10 11 12 13 14 15 ]
46 - [ 0 1 2 3 4 5 6 7 ] [ 8 9 10 11 12 13 14 15 ]
31 - [ 8 9 ] [ 10 11 ] [ 12 13 ] [ 14 15 ] [ 16 17 ] [ 18 19 ]
39 - [ 12 13 14 15 ] [ 16 17 18 19 ]
9 - [ 1 ] [ 2 ] [ 3 ] [ 4 ] [ 5 ] [ 6 ]
41 - [ 8 9 10 11 ] [ 12 13 14 15 ]
12 - [ 7 ] [ 8 ] [ 9 ] [ 10 ] [ 11 ] [ 12 ]
49 - [ 0 1 2 3 4 5 6 7 ] [ 8 9 10 11 12 13 14 15 ]
7 - [ 14 ] [ 15 ] [ 16 ] [ 17 ] [ 18 ] [ 19 ]
23 - [ 10 11 ] [ 12 13 ] [ 14 15 ] [ 16 17 ] [ 18 19 ] [ 0 1 ]
29 - [ 0 1 ] [ 2 3 ] [ 4 5 ] [ 6 7 ] [ 8 9 ] [ 10 11 ]
28 - [ 10 11 ] [ 12 13 ] [ 14 15 ] [ 16 17 ] [ 18 19 ] [ 0 1 ]
3 - [ 6 ] [ 7 ] [ 8 ] [ 9 ] [ 10 ] [ 11 ]
26 - [ 2 3 ] [ 4 5 ] [ 6 7 ] [ 8 9 ] [ 10 11 ] [ 12 13 ]
8 - [ 19 ] [ 0 ] [ 1 ] [ 2 ] [ 3 ] [ 4 ]
45 - [ 0 1 2 3 4 5 6 7 ] [ 8 9 10 11 12 13 14 15 ]
25 - [ 18 19 ] [ 0 1 ] [ 2 3 ] [ 4 5 ] [ 6 7 ] [ 8 9 ]
18 - [ 2 ] [ 3 ] [ 4 ] [ 5 ] [ 6 ] [ 7 ]
4 - [ 8 ] [ 9 ] [ 10 ] [ 11 ] [ 12 ] [ 13 ]
35 - [ 8 9 10 11 ] [ 12 13 14 15 ]
30 - [ 4 5 ] [ 6 7 ] [ 8 9 ] [ 10 11 ] [ 12 13 ] [ 14 15 ]
6 - [ 12 ] [ 13 ] [ 14 ] [ 15 ] [ 16 ] [ 17 ]
24 - [ 14 15 ] [ 16 17 ] [ 18 19 ] [ 0 1 ] [ 2 3 ] [ 4 5 ]
40 - [ 0 1 2 3 ] [ 4 5 6 7 ]
50 - [ 8 9 10 11 12 13 14 15 ] [ 0 1 2 3 4 5 6 7 ]
47 - [ 0 1 2 3 4 5 6 7 ] [ 8 9 10 11 12 13 14 15 ]
11 - [ 5 ] [ 6 ] [ 7 ] [ 8 ] [ 9 ] [ 10 ]
33 - [ 12 13 14 15 ] [ 16 17 18 19 ]
20 - [ 6 ] [ 7 ] [ 8 ] [ 9 ] [ 10 ] [ 11 ]
15 - [ 16 ] [ 17 ] [ 18 ] [ 19 ] [ 0 ] [ 1 ]
38 - [ 4 5 6 7 ] [ 8 9 10 11 ]
48 - [ 0 1 2 3 4 5 6 7 ] [ 8 9 10 11 12 13 14 15 ]
10 - [ 3 ] [ 4 ] [ 5 ] [ 6 ] [ 7 ] [ 8 ]
21 - [ 16 17 ] [ 18 19 ] [ 0 1 ] [ 2 3 ] [ 4 5 ] [ 6 7 ]
17 - [ 0 ] [ 1 ] [ 2 ] [ 3 ] [ 4 ] [ 5 ]
42 - [ 16 17 18 19 ] [ 0 1 2 3 ]
13 - [ 9 ] [ 10 ] [ 11 ] [ 12 ] [ 13 ] [ 14 ]
34 - [ 0 1 2 3 ] [ 4 5 6 7 ]
16 - [ 18 ] [ 19 ] [ 0 ] [ 1 ] [ 2 ] [ 3 ]
36 - [ 8 9 10 11 ] [ 12 13 14 15 ]
1 - [ 2 ] [ 3 ] [ 4 ] [ 5 ] [ 6 ] [ 7 ]
32 - [ 12 13 ] [ 14 15 ] [ 16 17 ] [ 18 19 ] [ 0 1 ] [ 2 3 ]
22 - [ 6 7 ] [ 8 9 ] [ 10 11 ] [ 12 13 ] [ 14 15 ] [ 16 17 ]
37 - [ 16 17 18 19 ] [ 0 1 2 3 ]
2 - [ 4 ] [ 5 ] [ 6 ] [ 7 ] [ 8 ] [ 9 ]
14 - [ 11 ] [ 12 ] [ 13 ] [ 14 ] [ 15 ] [ 16 ]
Subframe 4:
12 - [ 12 ] [ 13 ] [ 14 ] [ 15 ] [ 16 ] [ 17 ]
38 - [ 0 1 2 3 ] [ 4 5 6 7 ]
37 - [ 12 13 14 15 ] [ 16 17 18 19 ]
18 - [ 8 ] [ 9 ] [ 10 ] [ 11 ] [ 12 ] [ 13 ]
32 - [ 8 9 ] [ 10 11 ] [ 12 13 ] [ 14 15 ] [ 16 17 ] [ 18 19 ]
6 - [ 16 ] [ 17 ] [ 18 ] [ 19 ] [ 0 ] [ 1 ]
30 - [ 0 1 ] [ 2 3 ] [ 4 5 ] [ 6 7 ] [ 8 9 ] [ 10 11 ]
49 - [ 0 1 2 3 4 5 6 7 ] [ 8 9 10 11 12 13 14 15 ]
1 - [ 14 ] [ 15 ] [ 16 ] [ 17 ] [ 18 ] [ 19 ]
19 - [ 5 ] [ 6 ] [ 7 ] [ 8 ] [ 9 ] [ 10 ]
17 - [ 11 ] [ 12 ] [ 13 ] [ 14 ] [ 15 ] [ 16 ]
35 - [ 8 9 10 11 ] [ 12 13 14 15 ]
39 - [ 8 9 10 11 ] [ 12 13 14 15 ]
28 - [ 18 19 ] [ 0 1 ] [ 2 3 ] [ 4 5 ] [ 6 7 ] [ 8 9 ]
45 - [ 8 9 10 11 12 13 14 15 ] [ 0 1 2 3 4 5 6 7 ]
36 - [ 16 17 18 19 ] [ 0 1 2 3 ]
7 - [ 10 ] [ 11 ] [ 12 ] [ 13 ] [ 14 ] [ 15 ]
27 - [ 4 5 ] [ 6 7 ] [ 8 9 ] [ 10 11 ] [ 12 13 ] [ 14 15 ]
24 - [ 8 9 ] [ 10 11 ] [ 12 13 ] [ 14 15 ] [ 16 17 ] [ 18 19 ]
11 - [ 15 ] [ 16 ] [ 17 ] [ 18 ] [ 19 ] [ 0 ]
26 - [ 16 17 ] [ 18 19 ] [ 0 1 ] [ 2 3 ] [ 4 5 ] [ 6 7 ]
34 - [ 0 1 2 3 ] [ 4 5 6 7 ]
9 - [ 4 ] [ 5 ] [ 6 ] [ 7 ] [ 8 ] [ 9 ]
23 - [ 14 15 ] [ 16 17 ] [ 18 19 ] [ 0 1 ] [ 2 3 ] [ 4 5 ]
50 - [ 0 1 2 3 4 5 6 7 ] [ 8 9 10 11 12 13 14 15 ]
33 - [ 12 13 14 15 ] [ 16 17 18 19 ]
40 - [ 4 5 6 7 ] [ 8 9 10 11 ]
2 - [ 11 ] [ 12 ] [ 13 ] [ 14 ] [ 15 ] [ 16 ]
3 - [ 8 ] [ 9 ] [ 10 ] [ 11 ] [ 12 ] [ 13 ]
15 - [ 0 ] [ 1 ] [ 2 ] [ 3 ] [ 4 ] [ 5 ]
25 - [ 2 3 ] [ 4 5 ] [ 6 7 ] [ 8 9 ] [ 10 11 ] [ 12 13 ]
20 - [ 19 ] [ 0 ] [ 1 ] [ 2 ] [ 3 ] [ 4 ]
31 - [ 14 15 ] [ 16 17 ] [ 18 19 ] [ 0 1 ] [ 2 3 ] [ 4 5 ]
42 - [ 0 1 2 3 ] [ 4 5 6 7 ]
13 - [ 9 ] [ 10 ] [ 11 ] [ 12 ] [ 13 ] [ 14 ]
5 - [ 19 ] [ 0 ] [ 1 ] [ 2 ] [ 3 ] [ 4 ]
21 - [ 12 13 ] [ 14 15 ] [ 16 17 ] [ 18 19 ] [ 0 1 ] [ 2 3 ]
14 - [ 3 ] [ 4 ] [ 5 ] [ 6 ] [ 7 ] [ 8 ]
16 - [ 17 ] [ 18 ] [ 19 ] [ 0 ] [ 1 ] [ 2 ]
22 - [ 6 7 ] [ 8 9 ] [ 10 11 ] [ 12 13 ] [ 14 15 ] [ 16 17 ]
10 - [ 18 ] [ 19 ] [ 0 ] [ 1 ] [ 2 ] [ 3 ]
43 - [ 8 9 10 11 12 13 14 15 ] [ 0 1 2 3 4 5 6 7 ]
8 - [ 7 ] [ 8 ] [ 9 ] [ 10 ] [ 11 ] [ 12 ]
48 - [ 8 9 10 11 12 13 14 15 ] [ 0 1 2 3 4 5 6 7 ]
46 - [ 8 9 10 11 12 13 14 15 ] [ 0 1 2 3 4 5 6 7 ]
44 - [ 0 1 2 3 4 5 6 7 ] [ 8 9 10 11 12 13 14 15 ]
4 - [ 2 ] [ 3 ] [ 4 ] [ 5 ] [ 6 ] [ 7 ]
47 - [ 0 1 2 3 4 5 6 7 ] [ 8 9 10 11 12 13 14 15 ]
41 - [ 12 13 14 15 ] [ 16 17 18 19 ]
29 - [ 12 13 ] [ 14 15 ] [ 16 17 ] [ 18 19 ] [ 0 1 ] [ 2 3 ]
Subframe 5:
2 - [ 2 ] [ 3 ] [ 4 ] [ 5 ] [ 6 ] [ 7 ]
41 - [ 4 5 6 7 ] [ 8 9 10 11 ]
5 - [ 15 ] [ 16 ] [ 17 ] [ 18 ] [ 19 ] [ 0 ]
33 - [ 0 1 2 3 ] [ 4 5 6 7 ]
11 - [ 4 ] [ 5 ] [ 6 ] [ 7 ] [ 8 ] [ 9 ]
37 - [ 16 17 18 19 ] [ 0 1 2 3 ]
42 - [ 8 9 10 11 ] [ 12 13 14 15 ]
3 - [ 13 ] [ 14 ] [ 15 ] [ 16 ] [ 17 ] [ 18 ]
44 - [ 8 9 10 11 12 13 14 15 ] [ 0 1 2 3 4 5 6 7 ]
6 - [ 6 ] [ 7 ] [ 8 ] [ 9 ] [ 10 ] [ 11 ]
29 - [ 16 17 ] [ 18 19 ] [ 0 1 ] [ 2 3 ] [ 4 5 ] [ 6 7 ]
47 - [ 0 1 2 3 4 5 6 7 ] [ 8 9 10 11 12 13 14 15 ]
39 - [ 4 5 6 7 ] [ 8 9 10 11 ]
38 - [ 0 1 2 3 ] [ 4 5 6 7 ]
23 - [ 18 19 ] [ 0 1 ] [ 2 3 ] [ 4 5 ] [ 6 7 ] [ 8 9 ]
34 - [ 4 5 6 7 ] [ 8 9 10 11 ]
24 - [ 6 7 ] [ 8 9 ] [ 10 11 ] [ 12 13 ] [ 14 15 ] [ 16 17 ]
15 - [ 8 ] [ 9 ] [ 10 ] [ 11 ] [ 12 ] [ 13 ]
46 - [ 8 9 10 11 12 13 14 15 ] [ 0 1 2 3 4 5 6 7 ]
21 - [ 14 15 ] [ 16 17 ] [ 18 19 ] [ 0 1 ] [ 2 3 ] [ 4 5 ]
40 - [ 0 1 2 3 ] [ 4 5 6 7 ]
26 - [ 10 11 ] [ 12 13 ] [ 14 15 ] [ 16 17 ] [ 18 19 ] [ 0 1 ]
12 - [ 15 ] [ 16 ] [ 17 ] [ 18 ] [ 19 ] [ 0 ]
27 - [ 12 13 ] [ 14 15 ] [ 16 17 ] [ 18 19 ] [ 0 1 ] [ 2 3 ]
8 - [ 11 ] [ 12 ] [ 13 ] [ 14 ] [ 15 ] [ 16 ]
7 - [ 17 ] [ 18 ] [ 19 ] [ 0 ] [ 1 ] [ 2 ]
4 - [ 4 ] [ 5 ] [ 6 ] [ 7 ] [ 8 ] [ 9 ]
10 - [ 13 ] [ 14 ] [ 15 ] [ 16 ] [ 17 ] [ 18 ]
14 - [ 17 ] [ 18 ] [ 19 ] [ 0 ] [ 1 ] [ 2 ]
22 - [ 16 17 ] [ 18 19 ] [ 0 1 ] [ 2 3 ] [ 4 5 ] [ 6 7 ]
36 - [ 12 13 14 15 ] [ 16 17 18 19 ]
45 - [ 0 1 2 3 4 5 6 7 ] [ 8 9 10 11 12 13 14 15 ]
28 - [ 14 15 ] [ 16 17 ] [ 18 19 ] [ 0 1 ] [ 2 3 ] [ 4 5 ]
9 - [ 2 ] [ 3 ] [ 4 ] [ 5 ] [ 6 ] [ 7 ]
35 - [ 8 9 10 11 ] [ 12 13 14 15 ]
17 - [ 13 ] [ 14 ] [ 15 ] [ 16 ] [ 17 ] [ 18 ]
19 - [ 15 ] [ 16 ] [ 17 ] [ 18 ] [ 19 ] [ 0 ]
13 - [ 6 ] [ 7 ] [ 8 ] [ 9 ] [ 10 ] [ 11 ]
18 - [ 4 ] [ 5 ] [ 6 ] [ 7 ] [ 8 ] [ 9 ]
49 - [ 8 9 10 11 12 13 14 15 ] [ 0 1 2 3 4 5 6 7 ]
43 - [ 0 1 2 3 4 5 6 7 ] [ 8 9 10 11 12 13 14 15 ]
25 - [ 8 9 ] [ 10 11 ] [ 12 13 ] [ 14 15 ] [ 16 17 ] [ 18 19 ]
16 - [ 2 ] [ 3 ] [ 4 ] [ 5 ] [ 6 ] [ 7 ]
31 - [ 0 1 ] [ 2 3 ] [ 4 5 ] [ 6 7 ] [ 8 9 ] [ 10 11 ]
30 - [ 18 19 ] [ 0 1 ] [ 2 3 ] [ 4 5 ] [ 6 7 ] [ 8 9 ]
50 - [ 0 1 2 3 4 5 6 7 ] [ 8 9 10 11 12 13 14 15 ]
1 - [ 11 ] [ 12 ] [ 13 ] [ 14 ] [ 15 ] [ 16 ]
48 - [ 0 1 2 3 4 5 6 7 ] [ 8 9 10 11 12 13 14 15 ]
32 - [ 8 9 ] [ 10 11 ] [ 12 13 ] [ 14 15 ] [ 16 17 ] [ 18 19 ]
20 - [ 6 ] [ 7 ] [ 8 ] [ 9 ] [ 10 ] [ 11 ]
Subframe 6:
48 - [ 0 1 2 3 4 5 6 7 ] [ 8 9 10 11 12 13 14 15 ]
15 - [ 3 ] [ 4 ] [ 5 ] [ 6 ] [ 7 ] [ 8 ]
8 - [ 17 ] [ 18 ] [ 19 ] [ 0 ] [ 1 ] [ 2 ]
33 - [ 12 13 14 15 ] [ 16 17 18 19 ]
1 - [ 11 ] [ 12 ] [ 13 ] [ 14 ] [ 15 ] [ 16 ]
9 - [ 11 ] [ 12 ] [ 13 ] [ 14 ] [ 15 ] [ 16 ]
11 - [ 16 ] [ 17 ] [ 18 ] [ 19 ] [ 0 ] [ 1 ]
36 - [ 16 17 18 19 ] [ 0 1 2 3 ]
18 - [ 2 ] [ 3 ] [ 4 ] [ 5 ] [ 6 ] [ 7 ]
19 - [ 13 ] [ 14 ] [ 15 ] [ 16 ] [ 17 ] [ 18 ]
17 - [ 8 ] [ 9 ] [ 10 ] [ 11 ] [ 12 ] [ 13 ]
7 - [ 6 ] [ 7 ] [ 8 ] [ 9 ] [ 10 ] [ 11 ]
46 - [ 8 9 10 11 12 13 14 15 ] [ 0 1 2 3 4 5 6 7 ]
30 - [ 18 19 ] [ 0 1 ] [ 2 3 ] [ 4 5 ] [ 6 7 ] [ 8 9 ]
49 - [ 8 9 10 11 12 13 14 15 ] [ 0 1 2 3 4 5 6 7 ]
23 - [ 6 7 ] [ 8 9 ] [ 10 11 ] [ 12 13 ] [ 14 15 ] [ 16 17 ]
35 - [ 12 13 14 15 ] [ 16 17 18 19 ]
29 - [ 16 17 ] [ 18 19 ] [ 0 1 ] [ 2 3 ] [ 4 5 ] [ 6 7 ]
20 - [ 7 ] [ 8 ] [ 9 ] [ 10 ] [ 11 ] [ 12 ]
34 - [ 16 17 18 19 ] [ 0 1 2 3 ]
2 - [ 2 ] [ 3 ] [ 4 ] [ 5 ] [ 6 ] [ 7 ]
38 - [ 16 17 18 19 ] [ 0 1 2 3 ]
31 - [ 6 7 ] [ 8 9 ] [ 10 11 ] [ 12 13 ] [ 14 15 ] [ 16 17 ]
24 - [ 14 15 ] [ 16 17 ] [ 18 19 ] [ 0 1 ] [ 2 3 ] [ 4 5 ]
27 - [ 6 7 ] [ 8 9 ] [ 10 11 ] [ 12 13 ] [ 14 15 ] [ 16 17 ]
16 - [ 17 ] [ 18 ] [ 19 ] [ 0 ] [ 1 ] [ 2 ]
42 - [ 16 17 18 19 ] [ 0 1 2 3 ]
21 - [ 16 17 ] [ 18 19 ] [ 0 1 ] [ 2 3 ] [ 4 5 ] [ 6 7 ]
41 - [ 0 1 2 3 ] [ 4 5 6 7 ]
12 - [ 7 ] [ 8 ] [ 9 ] [ 10 ] [ 11 ] [ 12 ]
14 - [ 12 ] [ 13 ] [ 14 ] [ 15 ] [ 16 ] [ 17 ]
40 - [ 16 17 18 19 ] [ 0 1 2 3 ]
39 - [ 12 13 14 15 ] [ 16 17 18 19 ]
5 - [ 1 ] [ 2 ] [ 3 ] [ 4 ] [ 5 ] [ 6 ]
6 - [ 12 ] [ 13 ] [ 14 ] [ 15 ] [ 16 ] [ 17 ]
43 - [ 0 1 2 3 4 5 6 7 ] [ 8 9 10 11 12 13 14 15 ]
28 - [ 8 9 ] [ 10 11 ] [ 12 13 ] [ 14 15 ] [ 16 17 ] [ 18 19 ]
50 - [ 8 9 10 11 12 13 14 15 ] [ 0 1 2 3 4 5 6 7 ]
37 - [ 12 13 14 15 ] [ 16 17 18 19 ]
13 - [ 1 ] [ 2 ] [ 3 ] [ 4 ] [ 5 ] [ 6 ]
44 - [ 0 1 2 3 4 5 6 7 ] [ 8 9 10 11 12 13 14 15 ]
25 - [ 16 17 ] [ 18 19 ] [ 0 1 ] [ 2 3 ] [ 4 5 ] [ 6 7 ]
32 - [ 8 9 ] [ 10 11 ] [ 12 13 ] [ 14 15 ] [ 16 17 ] [ 18 19 ]
26 - [ 4 5 ] [ 6 7 ] [ 8 9 ] [ 10 11 ] [ 12 13 ] [ 14 15 ]
47 - [ 0 1 2 3 4 5 6 7 ] [ 8 9 10 11 12 13 14 15 ]
10 - [ 2 ] [ 3 ] [ 4 ] [ 5 ] [ 6 ] [ 7 ]
3 - [ 16 ] [ 17 ] [ 18 ] [ 19 ] [ 0 ] [ 1 ]
45 - [ 8 9 10 11 12 13 14 15 ] [ 0 1 2 3 4 5 6 7 ]
4 - [ 7 ] [ 8 ] [ 9 ] [ 10 ] [ 11 ] [ 12 ]
22 - [ 4 5 ] [ 6 7 ] [ 8 9 ] [ 10 11 ] [ 12 13 ] [ 14 15 ]
Subframe 7:
27 - [ 0 1 ] [ 2 3 ] [ 4 5 ] [ 6 7 ] [ 8 9 ] [ 10 11 ]
31 - [ 0 1 ] [ 2 3 ] [ 4 5 ] [ 6 7 ] [ 8 9 ] [ 10 11 ]
33 - [ 12 13 14 15 ] [ 16 17 18 19 ]
46 - [ 0 1 2 3 4 5 6 7 ] [ 8 9 10 11 12 13 14 15 ]
14 - [ 8 ] [ 9 ] [ 10 ] [ 11 ] [ 12 ] [ 13 ]
50 - [ 0 1 2 3 4 5 6 7 ] [ 8 9 10 11 12 13 14 15 ]
19 - [ 7 ] [ 8 ] [ 9 ] [ 10 ] [ 11 ] [ 12 ]
22 - [ 2 3 ] [ 4 5 ] [ 6 7 ] [ 8 9 ] [ 10 11 ] [ 12 13 ]
40 - [ 8 9 10 11 ] [ 12 13 14 15 ]
2 - [ 15 ] [ 16 ] [ 17 ] [ 18 ] [ 19 ] [ 0 ]
36 - [ 16 17 18 19 ] [ 0 1 2 3 ]
34 - [ 16 17 18 19 ] [ 0 1 2 3 ]
7 - [ 14 ] [ 15 ] [ 16 ] [ 17 ] [ 18 ] [ 19 ]
1 - [ 6 ] [ 7 ] [ 8 ] [ 9 ] [ 10 ] [ 11 ]
44 - [ 0 1 2 3 4 5 6 7 ] [ 8 9 10 11 12 13 14 15 ]
11 - [ 4 ] [ 5 ] [ 6 ] [ 7 ] [ 8 ] [ 9 ]
16 - [ 3 ] [ 4 ] [ 5 ] [ 6 ] [ 7 ] [ 8 ]
3 - [ 1 ] [ 2 ] [ 3 ] [ 4 ] [ 5 ] [ 6 ]
41 - [ 12 13 14 15 ] [ 16 17 18 19 ]
37 - [ 12 13 14 15 ] [ 16 17 18 19 ]
39 - [ 12 13 14 15 ] [ 16 17 18 19 ]
45 - [ 8 9 10 11 12 13 14 15 ] [ 0 1 2 3 4 5 6 7 ]
21 - [ 4 5 ] [ 6 7 ] [ 8 9 ] [ 10 11 ] [ 12 13 ] [ 14 15 ]
17 - [ 12 ] [ 13 ] [ 14 ] [ 15 ] [ 16 ] [ 17 ]
28 - [ 18 19 ] [ 0 1 ] [ 2 3 ] [ 4 5 ] [ 6 7 ] [ 8 9 ]
30 - [ 8 9 ] [ 10 11 ] [ 12 13 ] [ 14 15 ] [ 16 17 ] [ 18 19 ]
6 - [ 5 ] [ 6 ] [ 7 ] [ 8 ] [ 9 ] [ 10 ]
8 - [ 0 ] [ 1 ] [ 2 ] [ 3 ] [ 4 ] [ 5 ]
48 - [ 8 9 10 11 12 13 14 15 ] [ 0 1 2 3 4 5 6 7 ]
20 - [ 16 ] [ 17 ] [ 18 ] [ 19 ] [ 0 ] [ 1 ]
13 - [ 19 ] [ 0 ] [ 1 ] [ 2 ] [ 3 ] [ 4 ]
4 - [ 10 ] [ 11 ] [ 12 ] [ 13 ] [ 14 ] [ 15 ]
38 - [ 8 9 10 11 ] [ 12 13 14 15 ]
12 - [ 13 ] [ 14 ] [ 15 ] [ 16 ] [ 17 ] [ 18 ]
26 - [ 2 3 ] [ 4 5 ] [ 6 7 ] [ 8 9 ] [ 10 11 ] [ 12 13 ]
47 - [ 0 1 2 3 4 5 6 7 ] [ 8 9 10 11 12 13 14 15 ]
5 - [ 19 ] [ 0 ] [ 1 ] [ 2 ] [ 3 ] [ 4 ]
49 - [ 8 9 10 11 12 13 14 15 ] [ 0 1 2 3 4 5 6 7 ]
10 - [ 18 ] [ 19 ] [ 0 ] [ 1 ] [ 2 ] [ 3 ]
23 - [ 0 1 ] [ 2 3 ] [ 4 5 ] [ 6 7 ] [ 8 9 ] [ 10 11 ]
35 - [ 12 13 14 15 ] [ 16 17 18 19 ]
15 - [ 17 ] [ 18 ] [ 19 ] [ 0 ] [ 1 ] [ 2 ]
42 - [ 8 9 10 11 ] [ 12 13 14 15 ]
18 - [ 18 ] [ 19 ] [ 0 ] [ 1 ] [ 2 ] [ 3 ]
32 - [ 18 19 ] [ 0 1 ] [ 2 3 ] [ 4 5 ] [ 6 7 ] [ 8 9 ]
25 - [ 10 11 ] [ 12 13 ] [ 14 15 ] [ 16 17 ] [ 18 19 ] [ 0 1 ]
9 - [ 9 ] [ 10 ] [ 11 ] [ 12 ] [ 13 ] [ 14 ]
29 - [ 10 11 ] [ 12 13 ] [ 14 15 ] [ 16 17 ] [ 18 19 ] [ 0 1 ]
43 - [ 0 1 2 3 4 5 6 7 ] [ 8 9 10 11 12 13 14 15 ]
24 - [ 12 13 ] [ 14 15 ] [ 16 17 ] [ 18 19 ] [ 0 1 ] [ 2 3 ]
Subframe 8:
9 - [ 12 ] [ 13 ] [ 14 ] [ 15 ] [ 16 ] [ 17 ]
31 - [ 4 5 ] [ 6 7 ] [ 8 9 ] [ 10 11 ] [ 12 13 ] [ 14 15 ]
13 - [ 12 ] [ 13 ] [ 14 ] [ 15 ] [ 16 ] [ 17 ]
48 - [ 0 1 2 3 4 5 6 7 ] [ 8 9 10 11 12 13 14 15 ]
41 - [ 8 9 10 11 ] [ 12 13 14 15 ]
35 - [ 8 9 10 11 ] [ 12 13 14 15 ]
32 - [ 14 15 ] [ 16 17 ] [ 18 19 ] [ 0 1 ] [ 2 3 ] [ 4 5 ]
50 - [ 0 1 2 3 4 5 6 7 ] [ 8 9 10 11 12 13 14 15 ]
5 - [ 12 ] [ 13 ] [ 14 ] [ 15 ] [ 16 ] [ 17 ]
26 - [ 14 15 ] [ 16 17 ] [ 18 19 ] [ 0 1 ] [ 2 3 ] [ 4 5 ]
2 - [ 7 ] [ 8 ] [ 9 ] [ 10 ] [ 11 ] [ 12 ]
28 - [ 14 15 ] [ 16 17 ] [ 18 19 ] [ 0 1 ] [ 2 3 ] [ 4 5 ]
25 - [ 4 5 ] [ 6 7 ] [ 8 9 ] [ 10 11 ] [ 12 13 ] [ 14 15 ]
1 - [ 12 ] [ 13 ] [ 14 ] [ 15 ] [ 16 ] [ 17 ]
3 - [ 2 ] [ 3 ] [ 4 ] [ 5 ] [ 6 ] [ 7 ]
24 - [ 14 15 ] [ 16 17 ] [ 18 19 ] [ 0 1 ] [ 2 3 ] [ 4 5 ]
30 - [ 14 15 ] [ 16 17 ] [ 18 19 ] [ 0 1 ] [ 2 3 ] [ 4 5 ]
7 - [ 2 ] [ 3 ] [ 4 ] [ 5 ] [ 6 ] [ 7 ]
15 - [ 2 ] [ 3 ] [ 4 ] [ 5 ] [ 6 ] [ 7 ]
20 - [ 17 ] [ 18 ] [ 19 ] [ 0 ] [ 1 ] [ 2 ]
16 - [ 17 ] [ 18 ] [ 19 ] [ 0 ] [ 1 ] [ 2 ]
38 - [ 8 9 10 11 ] [ 12 13 14 15 ]
40 - [ 8 9 10 11 ] [ 12 13 14 15 ]
44 - [ 0 1 2 3 4 5 6 7 ] [ 8 9 10 11 12 13 14 15 ]
29 - [ 4 5 ] [ 6 7 ] [ 8 9 ] [ 10 11 ] [ 12 13 ] [ 14 15 ]
8 - [ 17 ] [ 18 ] [ 19 ] [ 0 ] [ 1 ] [ 2 ]
19 - [ 2 ] [ 3 ] [ 4 ] [ 5 ] [ 6 ] [ 7 ]
45 - [ 8 9 10 11 12 13 14 15 ] [ 0 1 2 3 4 5 6 7 ]
43 - [ 8 9 10 11 12 13 14 15 ] [ 0 1 2 3 4 5 6 7 ]
36 - [ 8 9 10 11 ] [ 12 13 14 15 ]
6 - [ 7 ] [ 8 ] [ 9 ] [ 10 ] [ 11 ] [ 12 ]
34 - [ 8 9 10 11 ] [ 12 13 14 15 ]
42 - [ 8 9 10 11 ] [ 12 13 14 15 ]
23 - [ 4 5 ] [ 6 7 ] [ 8 9 ] [ 10 11 ] [ 12 13 ] [ 14 15 ]
21 - [ 4 5 ] [ 6 7 ] [ 8 9 ] [ 10 11 ] [ 12 13 ] [ 14 15 ]
22 - [ 14 15 ] [ 16 17 ] [ 18 19 ] [ 0 1 ] [ 2 3 ] [ 4 5 ]
33 - [ 8 9 10 11 ] [ 12 13 14 15 ]
18 - [ 7 ] [ 8 ] [ 9 ] [ 10 ] [ 11 ] [ 12 ]
47 - [ 8 9 10 11 12 13 14 15 ] [ 0 1 2 3 4 5 6 7 ]
12 - [ 17 ] [ 18 ] [ 19 ] [ 0 ] [ 1 ] [ 2 ]
10 - [ 7 ] [ 8 ] [ 9 ] [ 10 ] [ 11 ] [ 12 ]
49 - [ 8 9 10 11 12 13 14 15 ] [ 0 1 2 3 4 5 6 7 ]
39 - [ 8 9 10 11 ] [ 12 13 14 15 ]
27 - [ 4 5 ] [ 6 7 ] [ 8 9 ] [ 10 11 ] [ 12 13 ] [ 14 15 ]
37 - [ 8 9 10 11 ] [ 12 13 14 15 ]
11 - [ 2 ] [ 3 ] [ 4 ] [ 5 ] [ 6 ] [ 7 ]
17 - [ 12 ] [ 13 ] [ 14 ] [ 15 ] [ 16 ] [ 17 ]
4 - [ 17 ] [ 18 ] [ 19 ] [ 0 ] [ 1 ] [ 2 ]
46 - [ 0 1 2 3 4 5 6 7 ] [ 8 9 10 11 12 13 14 15 ]
14 - [ 7 ] [ 8 ] [ 9 ] [ 10 ] [ 11 ] [ 12 ]
Subframe 9:
29 - [ 14 15 ] [ 16 17 ] [ 18 19 ] [ 0 1 ] [ 2 3 ] [ 4 5 ]
24 - [ 8 9 ] [ 10 11 ] [ 12 13 ] [ 14 15 ] [ 16 17 ] [ 18 19 ]
42 - [ 12 13 14 15 ] [ 16 17 18 19 ]
22 - [ 6 7 ] [ 8 9 ] [ 10 11 ] [ 12 13 ] [ 14 15 ] [ 16 17 ]
11 - [ 10 ] [ 11 ] [ 12 ] [ 13 ] [ 14 ] [ 15 ]
43 - [ 0 1 2 3 4 5 6 7 ] [ 8 9 10 11 12 13 14 15 ]
33 - [ 4 5 6 7 ] [ 8 9 10 11 ]
5 - [ 3 ] [ 4 ] [ 5 ] [ 6 ] [ 7 ] [ 8 ]
40 - [ 0 1 2 3 ] [ 4 5 6 7 ]
4 - [ 19 ] [ 0 ] [ 1 ] [ 2 ] [ 3 ] [ 4 ]
44 - [ 8 9 10 11 12 13 14 15 ] [ 0 1 2 3 4 5 6 7 ]
28 - [ 6 7 ] [ 8 9 ] [ 10 11 ] [ 12 13 ] [ 14 15 ] [ 16 17 ]
10 - [ 6 ] [ 7 ] [ 8 ] [ 9 ] [ 10 ] [ 11 ]
12 - [ 17 ] [ 18 ] [ 19 ] [ 0 ] [ 1 ] [ 2 ]
8 - [ 18 ] [ 19 ] [ 0 ] [ 1 ] [ 2 ] [ 3 ]
32 - [ 4 5 ] [ 6 7 ] [ 8 9 ] [ 10 11 ] [ 12 13 ] [ 14 15 ]
35 - [ 16 17 18 19 ] [ 0 1 2 3 ]
38 - [ 16 17 18 19 ] [ 0 1 2 3 ]
3 - [ 12 ] [ 13 ] [ 14 ] [ 15 ] [ 16 ] [ 17 ]
36 - [ 4 5 6 7 ] [ 8 9 10 11 ]
26 - [ 4 5 ] [ 6 7 ] [ 8 9 ] [ 10 11 ] [ 12 13 ] [ 14 15 ]
45 - [ 8 9 10 11 12 13 14 15 ] [ 0 1 2 3 4 5 6 7 ]
37 - [ 0 1 2 3 ] [ 4 5 6 7 ]
20 - [ 15 ] [ 16 ] [ 17 ] [ 18 ] [ 19 ] [ 0 ]
21 - [ 18 19 ] [ 0 1 ] [ 2 3 ] [ 4 5 ] [ 6 7 ] [ 8 9 ]
50 - [ 0 1 2 3 4 5 6 7 ] [ 8 9 10 11 12 13 14 15 ]
7 - [ 11 ] [ 12 ] [ 13 ] [ 14 ] [ 15 ] [ 16 ]
16 - [ 16 ] [ 17 ] [ 18 ] [ 19 ] [ 0 ] [ 1 ]
47 - [ 8 9 10 11 12 13 14 15 ] [ 0 1 2 3 4 5 6 7 ]
30 - [ 2 3 ] [ 4 5 ] [ 6 7 ] [ 8 9 ] [ 10 11 ] [ 12 13 ]
9 - [ 2 ] [ 3 ] [ 4 ] [ 5 ] [ 6 ] [ 7 ]
25 - [ 16 17 ] [ 18 19 ] [ 0 1 ] [ 2 3 ] [ 4 5 ] [ 6 7 ]
48 - [ 0 1 2 3 4 5 6 7 ] [ 8 9 10 11 12 13 14 15 ]
39 - [ 12 13 14 15 ] [ 16 17 18 19 ]
34 - [ 0 1 2 3 ] [ 4 5 6 7 ]
23 - [ 14 15 ] [ 16 17 ] [ 18 19 ] [ 0 1 ] [ 2 3 ] [ 4 5 ]
18 - [ 4 ] [ 5 ] [ 6 ] [ 7 ] [ 8 ] [ 9 ]
49 - [ 0 1 2 3 4 5 6 7 ] [ 8 9 10 11 12 13 14 15 ]
6 - [ 7 ] [ 8 ] [ 9 ] [ 10 ] [ 11 ] [ 12 ]
19 - [ 8 ] [ 9 ] [ 10 ] [ 11 ] [ 12 ] [ 13 ]
27 - [ 12 13 ] [ 14 15 ] [ 16 17 ] [ 18 19 ] [ 0 1 ] [ 2 3 ]
1 - [ 4 ] [ 5 ] [ 6 ] [ 7 ] [ 8 ] [ 9 ]
17 - [ 0 ] [ 1 ] [ 2 ] [ 3 ] [ 4 ] [ 5 ]
41 - [ 16 17 18 19 ] [ 0 1 2 3 ]
46 - [ 8 9 10 11 12 13 14 15 ] [ 0 1 2 3 4 5 6 7 ]
31 - [ 10 11 ] [ 12 13 ] [ 14 15 ] [ 16 17 ] [ 18 19 ] [ 0 1 ]
14 - [ 5 ] [ 6 ] [ 7 ] [ 8 ] [ 9 ] [ 10 ]
15 - [ 9 ] [ 10 ] [ 11 ] [ 12 ] [ 13 ] [ 14 ]
2 - [ 8 ] [ 9 ] [ 10 ] [ 11 ] [ 12 ] [ 13 ]
13 - [ 1 ] [ 2 ] [ 3 ] [ 4 ] [ 5 ] [ 6 ]
