Subframe 0:
4147 - [ 36 37 38 39 ] [ 0 1 2 3 ]
15549 - [ 20 21 ] [ 22 23 ] [ 24 25 ] [ 26 27 ] [ 28 29 ] [ 30 31 ]
15393 - [ 33 ] [ 34 ] [ 35 ] [ 36 ] [ 37 ] [ 38 ]
31565 - [ 1 ] [ 2 ] [ 3 ] [ 4 ] [ 5 ] [ 6 ]
25791 - [ 24 25 26 27 ] [ 28 29 30 31 ]
63682 - [ 4 5 6 7 ] [ 8 9 10 11 ]
65235 - [ 28 29 ] [ 30 31 ] [ 32 33 ] [ 34 35 ] [ 36 37 ] [ 38 39 ]
57303 - [ 20 21 ] [ 22 23 ] [ 24 25 ] [ 26 27 ] [ 28 29 ] [ 30 31 ]
8018 - [ 4 5 ] [ 6 7 ] [ 8 9 ] [ 10 11 ] [ 12 13 ] [ 14 15 ]
33929 - [ 16 17 18 19 20 21 22 23 ] [ 24 25 26 27 28 29 30 31 ]
55483 - [ 16 17 18 19 20 21 22 23 ] [ 24 25 26 27 28 29 30 31 ]
55284 - [ 32 33 ] [ 34 35 ] [ 36 37 ] [ 38 39 ] [ 0 1 ] [ 2 3 ]
50170 - [ 14 ] [ 15 ] [ 16 ] [ 17 ] [ 18 ] [ 19 ]
53383 - [ 4 5 6 7 ] [ 8 9 10 11 ]
4985 - [ 22 ] [ 23 ] [ 24 ] [ 25 ] [ 26 ] [ 27 ]
43358 - [ 20 21 ] [ 22 23 ] [ 24 25 ] [ 26 27 ] [ 28 29 ] [ 30 31 ]
54067 - [ 17 ] [ 18 ] [ 19 ] [ 20 ] [ 21 ] [ 22 ]
34386 - [ 30 ] [ 31 ] [ 32 ] [ 33 ] [ 34 ] [ 35 ]
58690 - [ 16 17 ] [ 18 19 ] [ 20 21 ] [ 22 23 ] [ 24 25 ] [ 26 27 ]
54933 - [ 28 29 30 31 ] [ 32 33 34 35 ]
59179 - [ 22 ] [ 23 ] [ 24 ] [ 25 ] [ 26 ] [ 27 ]
3820 - [ 3 ] [ 4 ] [ 5 ] [ 6 ] [ 7 ] [ 8 ]
18114 - [ 38 39 ] [ 0 1 ] [ 2 3 ] [ 4 5 ] [ 6 7 ] [ 8 9 ]
59996 - [ 18 19 ] [ 20 21 ] [ 22 23 ] [ 24 25 ] [ 26 27 ] [ 28 29 ]
8329 - [ 12 13 ] [ 14 15 ] [ 16 17 ] [ 18 19 ] [ 20 21 ] [ 22 23 ]
6830 - [ 20 ] [ 21 ] [ 22 ] [ 23 ] [ 24 ] [ 25 ]
61478 - [ 26 ] [ 27 ] [ 28 ] [ 29 ] [ 30 ] [ 31 ]
47788 - [ 36 ] [ 37 ] [ 38 ] [ 39 ] [ 0 ] [ 1 ]
62825 - [ 36 37 38 39 ] [ 0 1 2 3 ]
21947 - [ 0 1 ] [ 2 3 ] [ 4 5 ] [ 6 7 ] [ 8 9 ] [ 10 11 ]
9137 - [ 35 ] [ 36 ] [ 37 ] [ 38 ] [ 39 ] [ 0 ]
46704 - [ 16 17 18 19 ] [ 20 21 22 23 ]
28846 - [ 9 ] [ 10 ] [ 11 ] [ 12 ] [ 13 ] [ 14 ]
28017 - [ 17 ] [ 18 ] [ 19 ] [ 20 ] [ 21 ] [ 22 ]
8165 - [ 32 33 34 35 ] [ 36 37 38 39 ]
42644 - [ 10 ] [ 11 ] [ 12 ] [ 13 ] [ 14 ] [ 15 ]
18202 - [ 28 29 30 31 ] [ 32 33 34 35 ]
19441 - [ 18 19 ] [ 20 21 ] [ 22 23 ] [ 24 25 ] [ 26 27 ] [ 28 29 ]
50662 - [ 15 ] [ 16 ] [ 17 ] [ 18 ] [ 19 ] [ 20 ]
62827 - [ 29 ] [ 30 ] [ 31 ] [ 32 ] [ 33 ] [ 34 ]
53942 - [ 16 17 18 19 ] [ 20 21 22 23 ]
58288 - [ 36 37 38 39 ] [ 0 1 2 3 ]
63392 - [ 12 13 14 15 ] [ 16 17 18 19 ]
61561 - [ 17 ] [ 18 ] [ 19 ] [ 20 ] [ 21 ] [ 22 ]
37235 - [ 24 25 26 27 ] [ 28 29 30 31 ]
46606 - [ 32 33 34 35 ] [ 36 37 38 39 ]
25651 - [ 8 9 10 11 12 13 14 15 ] [ 16 17 18 19 20 21 22 23 ]
18852 - [ 24 25 ] [ 26 27 ] [ 28 29 ] [ 30 31 ] [ 32 33 ] [ 34 35 ]
23912 - [ 34 35 ] [ 36 37 ] [ 38 39 ] [ 0 1 ] [ 2 3 ] [ 4 5 ]
52982 - [ 10 11 ] [ 12 13 ] [ 14 15 ] [ 16 17 ] [ 18 19 ] [ 20 21 ]
20663 - [ 9 ] [ 10 ] [ 11 ] [ 12 ] [ 13 ] [ 14 ]
23395 - [ 24 25 26 27 ] [ 28 29 30 31 ]
6521 - [ 24 25 26 27 28 29 30 31 ] [ 32 33 34 35 36 37 38 39 ]
35815 - [ 17 ] [ 18 ] [ 19 ] [ 20 ] [ 21 ] [ 22 ]
24110 - [ 12 13 14 15 ] [ 16 17 18 19 ]
58671 - [ 32 33 34 35 36 37 38 39 ] [ 0 1 2 3 4 5 6 7 ]
11085 - [ 23 ] [ 24 ] [ 25 ] [ 26 ] [ 27 ] [ 28 ]
15829 - [ 0 1 2 3 ] [ 4 5 6 7 ]
27521 - [ 39 ] [ 0 ] [ 1 ] [ 2 ] [ 3 ] [ 4 ]
43009 - [ 22 23 ] [ 24 25 ] [ 26 27 ] [ 28 29 ] [ 30 31 ] [ 32 33 ]
40779 - [ 8 9 10 11 12 13 14 15 ] [ 16 17 18 19 20 21 22 23 ]
14339 - [ 32 ] [ 33 ] [ 34 ] [ 35 ] [ 36 ] [ 37 ]
57939 - [ 0 1 2 3 ] [ 4 5 6 7 ]
29893 - [ 36 37 38 39 ] [ 0 1 2 3 ]
53893 - [ 2 3 ] [ 4 5 ] [ 6 7 ] [ 8 9 ] [ 10 11 ] [ 12 13 ]
52723 - [ 32 33 34 35 ] [ 36 37 38 39 ]
38098 - [ 4 5 ] [ 6 7 ] [ 8 9 ] [ 10 11 ] [ 12 13 ] [ 14 15 ]
8791 - [ 12 13 14 15 ] [ 16 17 18 19 ]
3995 - [ 24 25 26 27 ] [ 28 29 30 31 ]
27996 - [ 31 ] [ 32 ] [ 33 ] [ 34 ] [ 35 ] [ 36 ]
43769 - [ 34 35 ] [ 36 37 ] [ 38 39 ] [ 0 1 ] [ 2 3 ] [ 4 5 ]
58804 - [ 13 ] [ 14 ] [ 15 ] [ 16 ] [ 17 ] [ 18 ]
8895 - [ 0 1 2 3 4 5 6 7 ] [ 8 9 10 11 12 13 14 15 ]
58151 - [ 11 ] [ 12 ] [ 13 ] [ 14 ] [ 15 ] [ 16 ]
54563 - [ 0 1 2 3 4 5 6 7 ] [ 8 9 10 11 12 13 14 15 ]
43146 - [ 36 37 38 39 ] [ 0 1 2 3 ]
30542 - [ 34 ] [ 35 ] [ 36 ] [ 37 ] [ 38 ] [ 39 ]
36115 - [ 12 13 ] [ 14 15 ] [ 16 17 ] [ 18 19 ] [ 20 21 ] [ 22 23 ]
7355 - [ 8 9 10 11 ] [ 12 13 14 15 ]
49837 - [ 28 29 30 31 ] [ 32 33 34 35 ]
18463 - [ 1 ] [ 2 ] [ 3 ] [ 4 ] [ 5 ] [ 6 ]
25587 - [ 32 33 ] [ 34 35 ] [ 36 37 ] [ 38 39 ] [ 0 1 ] [ 2 3 ]
48226 - [ 6 7 ] [ 8 9 ] [ 10 11 ] [ 12 13 ] [ 14 15 ] [ 16 17 ]
17507 - [ 12 13 ] [ 14 15 ] [ 16 17 ] [ 18 19 ] [ 20 21 ] [ 22 23 ]
8713 - [ 24 25 26 27 28 29 30 31 ] [ 32 33 34 35 36 37 38 39 ]
18978 - [ 2 ] [ 3 ] [ 4 ] [ 5 ] [ 6 ] [ 7 ]
53597 - [ 8 9 10 11 ] [ 12 13 14 15 ]
22737 - [ 0 1 2 3 ] [ 4 5 6 7 ]
50019 - [ 21 ] [ 22 ] [ 23 ] [ 24 ] [ 25 ] [ 26 ]
42880 - [ 14 ] [ 15 ] [ 16 ] [ 17 ] [ 18 ] [ 19 ]
46747 - [ 26 27 ] [ 28 29 ] [ 30 31 ] [ 32 33 ] [ 34 35 ] [ 36 37 ]
57875 - [ 15 ] [ 16 ] [ 17 ] [ 18 ] [ 19 ] [ 20 ]
57566 - [ 4 5 6 7 ] [ 8 9 10 11 ]
62820 - [ 5 ] [ 6 ] [ 7 ] [ 8 ] [ 9 ] [ 10 ]
53227 - [ 14 15 ] [ 16 17 ] [ 18 19 ] [ 20 21 ] [ 22 23 ] [ 24 25 ]
50223 - [ 4 5 6 7 ] [ 8 9 10 11 ]
62532 - [ 32 33 34 35 36 37 38 39 ] [ 0 1 2 3 4 5 6 7 ]
50700 - [ 10 ] [ 11 ] [ 12 ] [ 13 ] [ 14 ] [ 15 ]
60521 - [ 4 5 6 7 ] [ 8 9 10 11 ]
34072 - [ 39 ] [ 0 ] [ 1 ] [ 2 ] [ 3 ] [ 4 ]
