Time to solve model: 0.00878810882568 seconds.
Subframe: 0
Solution:
[4147, 4147, 4147, 4147, -1, 31565, -1, -1, 63682, 63682, 63682, 63682, -1, -1, 8018, 8018, -1, -1, 50170, -1, 15549, 15549, -1, -1, 25791, 25791, 25791, 25791, -1, -1, 57303, 57303, -1, 15393, -1, 34386, -1, -1, 65235, 65235]
Filled Positions Rate: 24/40
Number of Blocked Users: 39
---------------------------------------------------------------------
Time to solve model: 0.00651097297668 seconds.
Subframe: 1
Solution:
[60521, 60521, 60521, 60521, -1, 31565, -1, -1, 55284, 55284, -1, 42880, -1, -1, 36115, 36115, -1, -1, 46747, 46747, -1, -1, 59179, -1, 25651, 25651, 25651, 25651, 25651, 25651, 25651, 25651, -1, 50019, -1, -1, 8791, 8791, 8791, 8791]
Filled Positions Rate: 26/40
Number of Blocked Users: 40
---------------------------------------------------------------------
Time to solve model: 0.00404286384583 seconds.
Subframe: 2
Solution:
[23912, 23912, -1, 30542, -1, -1, 58690, 58690, -1, -1, 8018, 8018, -1, 42644, -1, -1, 53383, 53383, 53383, 53383, -1, 6830, -1, -1, 65235, 65235, -1, -1, 46606, 46606, 46606, 46606, -1, -1, 28017, -1, 18202, 18202, 18202, 18202]
Filled Positions Rate: 24/40
Number of Blocked Users: 39
---------------------------------------------------------------------
Time to solve model: 0.00724005699158 seconds.
Subframe: 3
Solution:
[58671, 58671, 58671, 58671, 58671, 58671, 58671, 58671, -1, -1, 53893, 53893, -1, 14339, -1, -1, 15549, 15549, -1, -1, 31565, -1, 57303, 57303, -1, 50700, -1, -1, 17507, 17507, -1, 50662, -1, 27521, -1, -1, 37235, 37235, 37235, 37235]
Filled Positions Rate: 25/40
Number of Blocked Users: 39
---------------------------------------------------------------------
Time to solve model: 0.00983309745789 seconds.
Subframe: 4
Solution:
[57566, 57566, 57566, 57566, -1, 57875, -1, -1, 55483, 55483, 55483, 55483, 55483, 55483, 55483, 55483, -1, -1, 43358, 43358, -1, 31565, -1, -1, 8791, 8791, 8791, 8791, -1, -1, 20663, -1, 63392, 63392, 63392, 63392, -1, -1, 38098, 38098]
Filled Positions Rate: 27/40
Number of Blocked Users: 41
---------------------------------------------------------------------
Time to solve model: 0.00707983970642 seconds.
Subframe: 5
Solution:
[18978, -1, 62820, -1, 8165, 8165, 8165, 8165, -1, -1, 43009, 43009, -1, 3820, -1, -1, 58671, 58671, 58671, 58671, 58671, 58671, 58671, 58671, -1, 47788, -1, -1, 50170, -1, 42644, -1, 8713, 8713, 8713, 8713, 8713, 8713, 8713, 8713]
Filled Positions Rate: 28/40
Number of Blocked Users: 40
---------------------------------------------------------------------
Time to solve model: 0.00501894950867 seconds.
Subframe: 6
Solution:
[58288, 58288, 58288, 58288, -1, 11085, -1, -1, 8713, 8713, 8713, 8713, 8713, 8713, 8713, 8713, -1, 18978, -1, -1, 46704, 46704, 46704, 46704, -1, 34386, -1, -1, 60521, 60521, 60521, 60521, -1, -1, 18852, 18852, -1, -1, 36115, 36115]
Filled Positions Rate: 27/40
Number of Blocked Users: 41
---------------------------------------------------------------------
Time to solve model: 0.0106120109558 seconds.
Subframe: 7
Solution:
[50662, -1, 58804, -1, 38098, 38098, -1, -1, 55483, 55483, 55483, 55483, 55483, 55483, 55483, 55483, -1, -1, 3820, -1, 7355, 7355, 7355, 7355, -1, 47788, -1, -1, 57303, 57303, -1, -1, 40779, 40779, 40779, 40779, 40779, 40779, 40779, 40779]
Filled Positions Rate: 28/40
Number of Blocked Users: 41
---------------------------------------------------------------------
Time to solve model: 0.00682401657104 seconds.
Subframe: 8
Solution:
[43769, 43769, -1, -1, 53597, 53597, 53597, 53597, -1, 4985, -1, -1, 17507, 17507, -1, -1, 9137, -1, 50019, -1, 4147, 4147, 4147, 4147, -1, -1, 58690, 58690, -1, -1, 31565, -1, 40779, 40779, 40779, 40779, 40779, 40779, 40779, 40779]
Filled Positions Rate: 26/40
Number of Blocked Users: 40
---------------------------------------------------------------------
Time to solve model: 0.0110130310059 seconds.
Subframe: 9
Solution:
[28846, -1, 65235, 65235, -1, -1, 43769, 43769, -1, -1, 61561, -1, 52982, 52982, -1, 61478, -1, -1, 21947, 21947, -1, -1, 50019, -1, 7355, 7355, 7355, 7355, -1, -1, 53227, 53227, -1, -1, 59179, -1, 18202, 18202, 18202, 18202]
Filled Positions Rate: 23/40
Number of Blocked Users: 38
---------------------------------------------------------------------
Mean Filled: 25
Mean Blocked: 39
