Time to solve model: 0.0388898849487 seconds.
Subframe: 0
Solution:
[4147, 4147, 4147, 4147, 53383, 53383, 53383, 53383, 63682, 63682, 63682, 63682, 8018, 8018, 50170, 42644, 33929, 33929, 33929, 33929, 33929, 33929, 33929, 33929, 25791, 25791, 25791, 25791, 15549, 15549, 57303, 57303, 34386, 15393, 65235, 65235, 55284, 55284, 18114, 18114]
Filled Positions Rate: 40/40
Number of Blocked Users: 21
---------------------------------------------------------------------
Time to solve model: 0.00467801094055 seconds.
Subframe: 1
Solution:
[23912, 23912, 55284, 55284, 46704, 46704, 46704, 46704, 8895, 8895, 8895, 8895, 8895, 8895, 8895, 8895, 46747, 46747, 48226, 48226, 59179, 28846, 65235, 65235, 25651, 25651, 25651, 25651, 25651, 25651, 25651, 25651, 8791, 8791, 8791, 8791, 60521, 60521, 60521, 60521]
Filled Positions Rate: 40/40
Number of Blocked Users: 23
---------------------------------------------------------------------
Time to solve model: 0.00513696670532 seconds.
Subframe: 2
Solution:
[23912, 23912, 30542, 9137, 61561, -1, 58690, 58690, 42644, -1, 43009, 43009, 8018, 8018, 43769, 43769, 53383, 53383, 53383, 53383, 6830, 57875, 53227, 53227, 50223, 50223, 50223, 50223, 46606, 46606, 46606, 46606, 65235, 65235, 28017, 61478, 18202, 18202, 18202, 18202]
Filled Positions Rate: 38/40
Number of Blocked Users: 31
---------------------------------------------------------------------
Time to solve model: 0.00519394874573 seconds.
Subframe: 3
Solution:
[58671, 58671, 58671, 58671, 58671, 58671, 58671, 58671, 63682, 63682, 63682, 63682, 14339, 50019, 53893, 53893, 15549, 15549, 61478, 61478, 50700, 31565, 17507, 17507, 57303, 57303, 36115, 36115, 8791, 8791, 8791, 8791, 25791, 25791, 25791, 25791, 37235, 37235, 37235, 37235]
Filled Positions Rate: 40/40
Number of Blocked Users: 15
---------------------------------------------------------------------
Time to solve model: 0.010694026947 seconds.
Subframe: 4
Solution:
[38098, 38098, 27996, 57875, 57939, 57939, 57939, 57939, 43358, 43358, 8329, 8329, 24110, 24110, 24110, 24110, 55483, 55483, 55483, 55483, 55483, 55483, 55483, 55483, 8791, 8791, 8791, 8791, 63392, 63392, 63392, 63392, 20663, 11085, 19441, 19441, 57566, 57566, 57566, 57566]
Filled Positions Rate: 40/40
Number of Blocked Users: 18
---------------------------------------------------------------------
Time to solve model: 0.00678491592407 seconds.
Subframe: 5
Solution:
[8713, 8713, 8713, 8713, 8713, 8713, 8713, 8713, 8165, 8165, 8165, 8165, 3820, 50662, 43009, 43009, 58671, 58671, 58671, 58671, 58671, 58671, 58671, 58671, 37235, 37235, 37235, 37235, 47788, -1, 50170, 42644, 25791, 25791, 25791, 25791, 35815, 42880, 18978, 50700]
Filled Positions Rate: 39/40
Number of Blocked Users: 35
---------------------------------------------------------------------
Time to solve model: 0.00610613822937 seconds.
Subframe: 6
Solution:
[58288, 58288, 58288, 58288, 43146, 43146, 43146, 43146, 8713, 8713, 8713, 8713, 8713, 8713, 8713, 8713, 48226, 48226, 18978, 9137, 46704, 46704, 46704, 46704, 53942, 53942, 53942, 53942, 60521, 60521, 60521, 60521, 15829, 15829, 15829, 15829, 36115, 36115, 18852, 18852]
Filled Positions Rate: 40/40
Number of Blocked Users: 24
---------------------------------------------------------------------
Time to solve model: 0.00639700889587 seconds.
Subframe: 7
Solution:
[55483, 55483, 55483, 55483, 55483, 55483, 55483, 55483, 38098, 38098, 62827, 28846, 8791, 8791, 8791, 8791, 7355, 7355, 7355, 7355, 55284, 55284, 3820, -1, 59996, 59996, 47788, 34386, 57303, 57303, 8018, 8018, 40779, 40779, 40779, 40779, 40779, 40779, 40779, 40779]
Filled Positions Rate: 39/40
Number of Blocked Users: 36
---------------------------------------------------------------------
Time to solve model: 0.00602984428406 seconds.
Subframe: 8
Solution:
[58288, 58288, 58288, 58288, 46747, 46747, 43769, 43769, 53597, 53597, 53597, 53597, 17507, 17507, 50019, 50662, 9137, 61478, 23912, 23912, 4147, 4147, 4147, 4147, 40779, 40779, 40779, 40779, 40779, 40779, 40779, 40779, 58690, 58690, 31565, 6830, 60521, 60521, 60521, 60521]
Filled Positions Rate: 40/40
Number of Blocked Users: 28
---------------------------------------------------------------------
Time to solve model: 0.00652313232422 seconds.
Subframe: 9
Solution:
[18114, 18114, 65235, 65235, 43769, 43769, 38098, 38098, 42644, 61561, 52982, 52982, 37235, 37235, 37235, 37235, 47788, 34072, 61478, 20663, 53383, 53383, 53383, 53383, 7355, 7355, 7355, 7355, 21947, 21947, 53227, 53227, 14339, 42880, 59179, 28846, 18202, 18202, 18202, 18202]
Filled Positions Rate: 40/40
Number of Blocked Users: 26
---------------------------------------------------------------------
Mean Filled: 39.6
Mean Blocked: 25.7
