Time to solve model: 0.00950002670288 seconds.
Subframe: 0
Solution:
[55284, 55284, 31565, 3820, 53383, 53383, 53383, 53383, 63682, 63682, 63682, 63682, 8018, 8018, 28846, 50170, 33929, 33929, 33929, 33929, 33929, 33929, 33929, 33929, 57303, 57303, 15549, 15549, 25791, 25791, 25791, 25791, 34386, 15393, 65235, 65235, 4147, 4147, 4147, 4147]
Filled Positions Rate: 40/40
Number of Blocked Users: 17
---------------------------------------------------------------------
Time to solve model: 0.0191371440887 seconds.
Subframe: 1
Solution:
[23912, 23912, 55284, 55284, 46704, 46704, 46704, 46704, 8895, 8895, 8895, 8895, 8895, 8895, 8895, 8895, 46747, 46747, 48226, 48226, 59179, 28846, 65235, 65235, 25651, 25651, 25651, 25651, 25651, 25651, 25651, 25651, 8791, 8791, 8791, 8791, 60521, 60521, 60521, 60521]
Filled Positions Rate: 40/40
Number of Blocked Users: 23
---------------------------------------------------------------------
Time to solve model: 0.0154130458832 seconds.
Subframe: 2
Solution:
[23912, 23912, 9137, 30542, 15549, 15549, 58690, 58690, 61561, 42644, 8018, 8018, 43009, 43009, 59179, 50662, 53383, 53383, 53383, 53383, 6830, 57875, 65235, 65235, 50223, 50223, 50223, 50223, 46606, 46606, 46606, 46606, 18202, 18202, 18202, 18202, 61478, 34386, 28017, 42880]
Filled Positions Rate: 40/40
Number of Blocked Users: 24
---------------------------------------------------------------------
Time to solve model: 0.0205819606781 seconds.
Subframe: 3
Solution:
[58671, 58671, 58671, 58671, 58671, 58671, 58671, 58671, 63682, 63682, 63682, 63682, 50019, 14339, 53893, 53893, 15549, 15549, 61478, 28017, 31565, 50700, 17507, 17507, 25651, 25651, 25651, 25651, 25651, 25651, 25651, 25651, 57303, 57303, 50662, 27521, 37235, 37235, 37235, 37235]
Filled Positions Rate: 40/40
Number of Blocked Users: 24
---------------------------------------------------------------------
Time to solve model: 0.0122048854828 seconds.
Subframe: 4
Solution:
[57875, 27996, 4985, 47788, 57939, 57939, 57939, 57939, 38098, 38098, 43358, 43358, 24110, 24110, 24110, 24110, 55483, 55483, 55483, 55483, 55483, 55483, 55483, 55483, 8791, 8791, 8791, 8791, 63392, 63392, 63392, 63392, 18978, 20663, 19441, 19441, 57566, 57566, 57566, 57566]
Filled Positions Rate: 40/40
Number of Blocked Users: 11
---------------------------------------------------------------------
Time to solve model: 0.00935101509094 seconds.
Subframe: 5
Solution:
[8713, 8713, 8713, 8713, 8713, 8713, 8713, 8713, 8165, 8165, 8165, 8165, 50662, 3820, 43009, 43009, 58671, 58671, 58671, 58671, 58671, 58671, 58671, 58671, 37235, 37235, 37235, 37235, 47788, 42644, -1, 50170, 25791, 25791, 25791, 25791, 53893, 53893, 35815, 18978]
Filled Positions Rate: 39/40
Number of Blocked Users: 36
---------------------------------------------------------------------
Time to solve model: 0.0107281208038 seconds.
Subframe: 6
Solution:
[58288, 58288, 58288, 58288, 43146, 43146, 43146, 43146, 8713, 8713, 8713, 8713, 8713, 8713, 8713, 8713, 48226, 48226, 9137, 18978, 46704, 46704, 46704, 46704, 60521, 60521, 60521, 60521, 53942, 53942, 53942, 53942, 15829, 15829, 15829, 15829, 18852, 18852, 36115, 36115]
Filled Positions Rate: 40/40
Number of Blocked Users: 24
---------------------------------------------------------------------
Time to solve model: 0.0365250110626 seconds.
Subframe: 7
Solution:
[55483, 55483, 55483, 55483, 55483, 55483, 55483, 55483, 38098, 38098, 28846, 62827, 8791, 8791, 8791, 8791, 58690, 58690, 3820, 35815, 7355, 7355, 7355, 7355, 55284, 55284, 47788, 34386, 8018, 8018, 48226, 48226, 57303, 57303, 59996, 59996, 9137, 50662, 59179, 11085]
Filled Positions Rate: 40/40
Number of Blocked Users: 21
---------------------------------------------------------------------
Time to solve model: 0.0140261650085 seconds.
Subframe: 8
Solution:
[58288, 58288, 58288, 58288, 46747, 46747, 43769, 43769, 53597, 53597, 53597, 53597, 17507, 17507, 50019, 50662, 4147, 4147, 4147, 4147, 9137, 61478, 52982, 52982, 40779, 40779, 40779, 40779, 40779, 40779, 40779, 40779, 31565, 6830, 58690, 58690, 60521, 60521, 60521, 60521]
Filled Positions Rate: 40/40
Number of Blocked Users: 28
---------------------------------------------------------------------
Time to solve model: 0.0133991241455 seconds.
Subframe: 9
Solution:
[18114, 18114, 65235, 65235, 38098, 38098, 43769, 43769, 37235, 37235, 37235, 37235, 42644, 61561, 53893, 53893, 34072, 61478, 47788, 20663, 52982, 52982, 50019, 9137, 7355, 7355, 7355, 7355, 21947, 21947, 59179, 14339, 53227, 53227, 57303, 57303, 18202, 18202, 18202, 18202]
Filled Positions Rate: 40/40
Number of Blocked Users: 10
---------------------------------------------------------------------
Mean Filled: 39
Mean Blocked: 21
