Time to solve model: 0.000189065933228 seconds.
Subframe: 0
Solution:
[16, 16, 7, 7, 6, 6, 6, 6, 11, 11, 11, 11, 11, 11, 11, 11, 5, 5, 5, 5, 8, 8, 19, 19, 3, 39, 24, 24, 1, 1, 1, 1, 13, 33, 2, 2, 4, 18, 9, 9]
Filled Positions Rate: 40/40
Number of Blocked Users: 22
---------------------------------------------------------------------
Time to solve model: 0.000211000442505 seconds.
Subframe: 1
Solution:
[23, -1, 7, 7, -1, 12, 14, 14, 15, 15, 15, 15, 21, 21, 21, 21, 2, 2, 2, 2, 2, 2, 2, 2, 3, 30, 8, 8, 1, 1, 1, 1, 4, 4, 6, 40, 9, 9, 18, 18]
Filled Positions Rate: 38/40
Number of Blocked Users: 34
---------------------------------------------------------------------
Time to solve model: 0.000192165374756 seconds.
Subframe: 2
Solution:
[23, -1, 34, 34, 6, 6, 6, 6, 3, 3, 10, 19, 14, 14, 1, 1, 4, 4, 4, 4, 5, 5, 5, 5, 15, 15, 17, 17, 8, 28, 37, 49, 20, 20, -1, 11, 18, 2, 9, 16]
Filled Positions Rate: 38/40
Number of Blocked Users: 28
---------------------------------------------------------------------
Time to solve model: 0.00020694732666 seconds.
Subframe: 3
Solution:
[5, 5, 5, 5, 5, 5, 5, 5, 10, 12, 17, 26, 14, 14, 14, 14, 15, 22, 29, -1, 24, 24, 6, 6, 3, 25, 32, 1, 2, 2, 2, 2, 4, 4, 11, 11, 8, 8, 8, 8]
Filled Positions Rate: 39/40
Number of Blocked Users: 31
---------------------------------------------------------------------
Time to solve model: 0.000205993652344 seconds.
Subframe: 4
Solution:
[4, 4, 4, 4, 4, 4, 4, 4, 3, 3, 10, -1, 15, 22, 26, 26, 5, 5, 5, 5, 11, 11, 11, 11, 24, 24, 32, 1, 8, 35, 33, 33, 13, -1, 2, 2, 9, 9, 9, 9]
Filled Positions Rate: 38/40
Number of Blocked Users: 33
---------------------------------------------------------------------
Time to solve model: 0.000190019607544 seconds.
Subframe: 5
Solution:
[-1, 7, -1, 21, 5, -1, 14, 14, 6, 6, 6, 6, 15, 31, 28, 28, 3, 3, 3, 3, 11, 11, 11, 11, 13, 13, 30, 1, 18, 18, 18, 18, 20, 20, 4, 33, 45, 2, -1, 16]
Filled Positions Rate: 36/40
Number of Blocked Users: 30
---------------------------------------------------------------------
Time to solve model: 0.000211954116821 seconds.
Subframe: 6
Solution:
[16, 16, 18, 18, 5, 23, 14, 14, 6, 6, 6, 6, 10, 17, 22, 24, 3, 3, 3, 3, 12, 12, 12, 12, 13, 13, 31, 31, 1, 1, 1, 1, 2, 2, 2, 2, 4, 4, 11, -1]
Filled Positions Rate: 39/40
Number of Blocked Users: 32
---------------------------------------------------------------------
Time to solve model: 0.000203132629395 seconds.
Subframe: 7
Solution:
[3, 3, 3, 3, 3, 3, 3, 3, 10, 12, 25, 25, 19, 19, 1, 1, 5, 5, 5, 5, 8, 8, 17, 17, 15, 15, 22, 22, 30, 42, -1, 6, 13, 33, 2, 2, 4, 11, -1, 16]
Filled Positions Rate: 38/40
Number of Blocked Users: 30
---------------------------------------------------------------------
Time to solve model: 0.000180959701538 seconds.
Subframe: 8
Solution:
[11, 16, 14, 48, 5, -1, 19, 26, 3, 3, 12, 12, 15, 17, 24, 29, 1, 1, 1, 1, 1, 1, 1, 1, 13, 13, 22, 22, 8, 44, -1, 33, 18, 18, 2, 2, 9, 9, 9, 9]
Filled Positions Rate: 38/40
Number of Blocked Users: 28
---------------------------------------------------------------------
Time to solve model: 0.00018310546875 seconds.
Subframe: 9
Solution:
[-1, 7, 14, -1, 25, 25, 19, -1, 5, 5, 10, 24, 12, 12, 21, 21, 8, 8, 17, 17, 35, 35, 6, 6, 3, 39, 44, 1, 15, 15, 42, 33, 20, 20, 4, 11, 38, 2, 45, 45]
Filled Positions Rate: 37/40
Number of Blocked Users: 24
---------------------------------------------------------------------
Mean Filled: 38.1
Mean Blocked: 29.2
