Time to solve model: 0.0481622219086 seconds.
Subframe: 0
Solution:
[23, 23, 4, 22, 6, 6, 6, 6, 14, 14, 14, 14, 9, 9, 25, 25, 19, 19, 17, 13, 2, 2, 15, 21, 5, 5, 5, 5, 8, 8, 7, 7, 18, 3, 12, 12, 1, 1, 1, 1]
Filled Positions Rate: 40/40
Number of Blocked Users: 5
---------------------------------------------------------------------
Time to solve model: 0.0458860397339 seconds.
Subframe: 1
Solution:
[9, 9, 40, 6, 11, 11, 11, 11, 26, 26, 25, 25, 4, 4, 20, 12, 18, 18, 35, 3, 8, 8, 7, 7, 2, 2, 2, 2, 2, 2, 2, 2, 1, 1, 1, 1, 5, 5, 5, 5]
Filled Positions Rate: 40/40
Number of Blocked Users: 23
---------------------------------------------------------------------
Time to solve model: 0.0503449440002 seconds.
Subframe: 2
Solution:
[3, 3, 38, 16, 45, 45, 45, 45, 11, 22, 14, 14, 17, 17, 39, 10, 7, 7, 7, 7, 5, 5, 5, 5, 2, 37, 1, 1, 4, 4, 4, 4, 6, 6, 6, 6, 18, 19, 12, 8]
Filled Positions Rate: 40/40
Number of Blocked Users: 24
---------------------------------------------------------------------
Time to solve model: 0.0501370429993 seconds.
Subframe: 3
Solution:
[2, 2, 2, 2, 32, 10, 24, 24, 1, 22, 48, 21, 44, 44, 11, 11, -1, 29, 6, 6, 17, 40, 43, 43, -1, 12, 4, 4, 13, 13, 25, 7, 8, 8, 8, 8, 3, 26, 15, 28]
Filled Positions Rate: 38/40
Number of Blocked Users: 25
---------------------------------------------------------------------
Time to solve model: 0.0483138561249 seconds.
Subframe: 4
Solution:
[22, 16, 36, 1, 11, 11, 11, 11, 12, 12, 12, 12, 24, 24, 2, 2, 4, 4, 4, 4, 4, 4, 4, 4, 9, 9, 9, 9, 30, 30, 35, 13, 38, 8, 26, 26, 32, 14, 3, 3]
Filled Positions Rate: 40/40
Number of Blocked Users: 19
---------------------------------------------------------------------
Time to solve model: 0.046450138092 seconds.
Subframe: 5
Solution:
[20, 20, 4, 31, 3, 3, 3, 3, 30, 2, 15, 26, 25, 25, 13, 13, 12, 12, 12, 12, 28, 28, 21, 5, 6, 6, 6, 6, 7, 1, 14, 14, 8, 8, 8, 8, 8, 8, 8, 8]
Filled Positions Rate: 40/40
Number of Blocked Users: 12
---------------------------------------------------------------------
Time to solve model: 0.0471301078796 seconds.
Subframe: 6
Solution:
[16, 16, 22, 11, 2, 2, 2, 2, 8, 8, 8, 8, 14, 14, 34, 5, 18, 18, 4, 4, 29, 29, 10, 24, 1, 1, 1, 1, 3, 3, 3, 3, 20, 20, 20, 20, 13, 13, 23, 25]
Filled Positions Rate: 40/40
Number of Blocked Users: 15
---------------------------------------------------------------------
Time to solve model: 0.0591168403625 seconds.
Subframe: 7
Solution:
[3, 3, 3, 3, 3, 3, 3, 3, 2, 2, 41, 7, 5, 5, 5, 5, 18, 18, 6, 21, 9, 9, 9, 9, 15, 15, 13, 12, 1, 1, 8, 8, 19, 19, 17, 17, 11, 16, 4, 30]
Filled Positions Rate: 40/40
Number of Blocked Users: 21
---------------------------------------------------------------------
Time to solve model: 0.0530099868774 seconds.
Subframe: 8
Solution:
[9, 9, 9, 9, 13, 13, 3, 3, 7, 7, 7, 7, 15, 5, 25, 25, 6, 6, 6, 6, 26, 8, 18, 18, 1, 1, 1, 1, 1, 1, 1, 1, 4, 4, 4, 4, 12, 12, 14, 16]
Filled Positions Rate: 40/40
Number of Blocked Users: 10
---------------------------------------------------------------------
Time to solve model: 0.0794470310211 seconds.
Subframe: 9
Solution:
[23, 23, 23, 23, 8, 8, 15, 15, 12, 12, 17, 17, 11, 3, 4, 14, 7, 10, 5, 5, 24, 2, 20, 20, 13, 13, 13, 13, 6, 6, 19, 1, 28, 28, 28, 28, 9, 9, 9, 9]
Filled Positions Rate: 40/40
Number of Blocked Users: 7
---------------------------------------------------------------------
Mean Filled: 39.8
Mean Blocked: 16.1
