Time to solve model: 0.107620000839 seconds.
Subframe: 0
Solution:
[41, 41, 41, 41, 17, 10, 21, 21, 25, 25, 20, 8, 39, 39, 39, 39, 28, 28, 2, 12, 37, 37, 37, 37, 26, 26, 24, 24, 22, 22, 4, 14, 47, 47, 47, 47, 47, 47, 47, 47, 7]
Filled Positions Rate: 41/41
Number of Blocked Users: 1
---------------------------------------------------------------------
Time to solve model: 0.0124747753143 seconds.
Subframe: 1
Solution:
[50, 50, 50, 50, 50, 50, 50, 50, 41, 41, 41, 41, 27, 27, 25, 25, 4, 18, 24, 24, 40, 40, 40, 40, 46, 46, 46, 46, 46, 46, 46, 46, 1, 15, 30, 30, 33, 33, 33, 33, 11]
Filled Positions Rate: 41/41
Number of Blocked Users: 3
---------------------------------------------------------------------
Time to solve model: 0.0254790782928 seconds.
Subframe: 2
Solution:
[40, 40, 40, 40, 25, 25, 7, 14, 42, 42, 42, 42, 19, 6, 26, 26, 24, 24, 13, 4, 11, 18, 30, 30, 45, 45, 45, 45, 45, 45, 45, 45, 27, 27, 15, 17, 33, 33, 33, 33, 20]
Filled Positions Rate: 41/41
Number of Blocked Users: 12
---------------------------------------------------------------------
Time to solve model: 0.013781785965 seconds.
Subframe: 3
Solution:
[46, 46, 46, 46, 46, 46, 46, 46, 3, 12, 27, 27, 39, 39, 39, 39, 44, 44, 44, 44, 44, 44, 44, 44, 4, 19, 29, 29, 31, 31, 23, 23, 43, 43, 43, 43, 43, 43, 43, 43, 5]
Filled Positions Rate: 41/41
Number of Blocked Users: 10
---------------------------------------------------------------------
Time to solve model: 0.0136120319366 seconds.
Subframe: 4
Solution:
[38, 38, 38, 38, 18, 19, 30, 30, 35, 35, 35, 35, 7, 12, 24, 24, 37, 37, 37, 37, 34, 34, 34, 34, 27, 27, 1, 6, 28, 28, 32, 32, 49, 49, 49, 49, 49, 49, 49, 49, 17]
Filled Positions Rate: 41/41
Number of Blocked Users: 5
---------------------------------------------------------------------
Time to solve model: 0.016795873642 seconds.
Subframe: 5
Solution:
[37, 37, 37, 37, 23, 23, 5, 12, 39, 39, 39, 39, 27, 27, 19, 8, 29, 29, 6, 2, 33, 33, 33, 33, 41, 41, 41, 41, 42, 42, 42, 42, 44, 44, 44, 44, 44, 44, 44, 44, 11]
Filled Positions Rate: 41/41
Number of Blocked Users: 21
---------------------------------------------------------------------
Time to solve model: 0.00754904747009 seconds.
Subframe: 6
Solution:
[48, 48, 48, 48, 48, 48, 48, 48, 23, 23, 18, 8, 35, 35, 35, 35, 31, 31, 20, 7, 36, 36, 36, 36, 30, 30, 12, 9, 27, 27, 2, 15, 33, 33, 33, 33, 29, 29, 11, 1, 17]
Filled Positions Rate: 41/41
Number of Blocked Users: 10
---------------------------------------------------------------------
Time to solve model: 0.0351948738098 seconds.
Subframe: 7
Solution:
[46, 46, 46, 46, 46, 46, 46, 46, 31, 31, 5, 2, 40, 40, 40, 40, 34, 34, 34, 34, 7, 3, 27, 27, 44, 44, 44, 44, 44, 44, 44, 44, 22, 22, 11, 14, 33, 33, 33, 33, 19]
Filled Positions Rate: 41/41
Number of Blocked Users: 22
---------------------------------------------------------------------
Time to solve model: 0.0236849784851 seconds.
Subframe: 8
Solution:
[28, 28, 13, 2, 32, 32, 31, 31, 41, 41, 41, 41, 35, 35, 35, 35, 1, 16, 26, 26, 5, 10, 15, 20, 30, 30, 25, 25, 29, 29, 9, 19, 48, 48, 48, 48, 48, 48, 48, 48, 3]
Filled Positions Rate: 41/41
Number of Blocked Users: 20
---------------------------------------------------------------------
Time to solve model: 0.0111680030823 seconds.
Subframe: 9
Solution:
[44, 44, 44, 44, 44, 44, 44, 44, 21, 21, 11, 12, 26, 26, 22, 22, 43, 43, 43, 43, 43, 43, 43, 43, 33, 33, 33, 33, 28, 28, 24, 24, 10, 8, 29, 29, 42, 42, 42, 42, 5]
Filled Positions Rate: 41/41
Number of Blocked Users: 10
---------------------------------------------------------------------
Mean Filled: 41.0
Mean Blocked: 11.4
