Time to solve model: 0.000408887863159 seconds.
Subframe: 0
Solution:
[47, 47, 47, 47, 47, 47, 47, 47, 22, 22, 8, 7, 4, 12, 25, 25, 9, 1, 24, 24, 16, 20, 21, 21, 30, 30, 11, -1, 39, 39, 39, 39, 14, 3, 28, 28, 2, 15, 26, 26, 18]
Filled Positions Rate: 40/41
Number of Blocked Users: 23
---------------------------------------------------------------------
Time to solve model: 0.000396966934204 seconds.
Subframe: 1
Solution:
[24, 24, 17, 9, -1, 4, 21, 21, 6, 12, 19, 18, 30, 30, 10, 16, 50, 50, 50, 50, 50, 50, 50, 50, 27, 27, 22, 22, 33, 33, 33, 33, 46, 46, 46, 46, 46, 46, 46, 46, 15]
Filled Positions Rate: 40/41
Number of Blocked Users: 31
---------------------------------------------------------------------
Time to solve model: 0.000381946563721 seconds.
Subframe: 2
Solution:
[35, 35, 35, 35, 33, 33, 33, 33, 20, 3, 18, 17, -1, 15, 25, 25, 7, 8, 6, 2, 40, 40, 40, 40, 27, 27, 19, 5, 14, 11, 30, 30, 42, 42, 42, 42, 26, 26, 13, 4, 10]
Filled Positions Rate: 40/41
Number of Blocked Users: 17
---------------------------------------------------------------------
Time to solve model: 0.000297069549561 seconds.
Subframe: 3
Solution:
[43, 43, 43, 43, 43, 43, 43, 43, 46, 46, 46, 46, 46, 46, 46, 46, 5, 8, -1, -1, -1, 12, -1, 18, 29, 29, 19, 20, 40, 40, 40, 40, 26, 26, 27, 27, 39, 39, 39, 39, 4]
Filled Positions Rate: 37/41
Number of Blocked Users: 31
---------------------------------------------------------------------
Time to solve model: 0.000208854675293 seconds.
Subframe: 4
Solution:
[7, -1, 30, 30, 2, 19, 28, 28, 32, 32, 1, 11, 39, 39, 39, 39, 12, 15, 24, 24, 37, 37, 37, 37, 17, 16, 18, -1, 38, 38, 38, 38, 27, 27, 22, 22, 10, -1, 13, 6, 9]
Filled Positions Rate: 38/41
Number of Blocked Users: 15
---------------------------------------------------------------------
Time to solve model: 0.000253915786743 seconds.
Subframe: 5
Solution:
[21, 21, 10, 9, 37, 37, 37, 37, 42, 42, 42, 42, 3, 7, 22, 22, 2, 15, 24, 24, 33, 33, 33, 33, 11, 18, 23, 23, 41, 41, 41, 41, 5, 8, 29, 29, 34, 34, 34, 34, 12]
Filled Positions Rate: 41/41
Number of Blocked Users: 21
---------------------------------------------------------------------
Time to solve model: 0.000393867492676 seconds.
Subframe: 6
Solution:
[23, 23, 29, 29, 5, 19, 30, 30, 18, 16, 31, 31, -1, 15, 20, 12, 48, 48, 48, 48, 48, 48, 48, 48, 1, 17, 2, -1, 4, 8, 24, 24, 36, 36, 36, 36, 11, -1, 6, 9, -1]
Filled Positions Rate: 37/41
Number of Blocked Users: 25
---------------------------------------------------------------------
Time to solve model: 0.000235080718994 seconds.
Subframe: 7
Solution:
[46, 46, 46, 46, 46, 46, 46, 46, 2, 6, 21, 21, 5, -1, 27, 27, 33, 33, 33, 33, 22, 22, -1, 14, 36, 36, 36, 36, 4, -1, -1, 1, 13, 15, 31, 31, 19, 7, 17, -1, -1]
Filled Positions Rate: 35/41
Number of Blocked Users: 27
---------------------------------------------------------------------
Time to solve model: 0.0002281665802 seconds.
Subframe: 8
Solution:
[48, 48, 48, 48, 48, 48, 48, 48, 35, 35, 35, 35, 32, 32, 28, 28, 9, 7, 26, 26, 41, 41, 41, 41, 2, 12, 25, 25, 3, 13, 16, 1, 6, -1, 31, 31, 23, 23, 24, 24, 10]
Filled Positions Rate: 40/41
Number of Blocked Users: 27
---------------------------------------------------------------------
Time to solve model: 0.000235080718994 seconds.
Subframe: 9
Solution:
[32, 32, 21, 21, 33, 33, 33, 33, 4, 7, 18, 5, 28, 28, 29, 29, 42, 42, 42, 42, 19, -1, -1, 11, 38, 38, 38, 38, 22, 22, 8, 12, 9, 1, 24, 24, 40, 40, 40, 40, 20]
Filled Positions Rate: 39/41
Number of Blocked Users: 20
---------------------------------------------------------------------
Mean Filled: 38.7
Mean Blocked: 23.7
