Time to solve model: 0.00477290153503 seconds.
Subframe: 0
Solution:
[41, 41, 41, 41, 17, -1, 21, 21, 10, 9, 20, 8, 39, 39, 39, 39, 28, 28, 12, -1, 37, 37, 37, 37, 24, 24, 22, 22, 4, 15, 3, -1, -1, 14, 27, 27, 42, 42, 42, 42, 7]
Filled Positions Rate: 37/41
Number of Blocked Users: 6
---------------------------------------------------------------------
Time to solve model: 0.00488114356995 seconds.
Subframe: 1
Solution:
[37, 37, 37, 37, 30, 30, -1, -1, 41, 41, 41, 41, 27, 27, 25, 25, 4, 18, 24, 24, 40, 40, 40, 40, 46, 46, 46, 46, 46, 46, 46, 46, 50, 50, 50, 50, 50, 50, 50, 50, 11]
Filled Positions Rate: 39/41
Number of Blocked Users: 4
---------------------------------------------------------------------
Time to solve model: 0.00366997718811 seconds.
Subframe: 2
Solution:
[33, 33, 33, 33, 14, 7, -1, -1, 42, 42, 42, 42, 30, 30, 19, 6, 13, 4, -1, -1, 26, 26, 11, 18, 5, -1, -1, 3, -1, -1, -1, 17, 50, 50, 50, 50, 50, 50, 50, 50, 20]
Filled Positions Rate: 32/41
Number of Blocked Users: 9
---------------------------------------------------------------------
Time to solve model: 0.00378203392029 seconds.
Subframe: 3
Solution:
[23, 23, -1, 9, 26, 26, 25, 25, 27, 27, 3, 12, 39, 39, 39, 39, 44, 44, 44, 44, 44, 44, 44, 44, 4, 19, -1, 8, 41, 41, 41, 41, 43, 43, 43, 43, 43, 43, 43, 43, 5]
Filled Positions Rate: 39/41
Number of Blocked Users: 7
---------------------------------------------------------------------
Time to solve model: 0.00376892089844 seconds.
Subframe: 4
Solution:
[38, 38, 38, 38, 18, 19, 26, 26, 30, 30, 24, 24, 7, 11, 12, -1, 37, 37, 37, 37, 28, 28, 9, -1, -1, 1, 27, 27, 32, 32, 2, 6, 39, 39, 39, 39, 36, 36, 36, 36, 17]
Filled Positions Rate: 38/41
Number of Blocked Users: 7
---------------------------------------------------------------------
Time to solve model: 0.00334215164185 seconds.
Subframe: 5
Solution:
[38, 38, 38, 38, 5, -1, 23, 23, 39, 39, 39, 39, 12, 6, 27, 27, 29, 29, 2, -1, 33, 33, 33, 33, 41, 41, 41, 41, 3, 14, 24, 24, 42, 42, 42, 42, 37, 37, 37, 37, 11]
Filled Positions Rate: 39/41
Number of Blocked Users: 11
---------------------------------------------------------------------
Time to solve model: 0.00316691398621 seconds.
Subframe: 6
Solution:
[48, 48, 48, 48, 48, 48, 48, 48, 23, 23, -1, 18, -1, 8, 31, 31, -1, 20, 7, -1, 36, 36, 36, 36, 30, 30, 27, 27, 12, 2, 9, 15, 33, 33, 33, 33, 11, 1, 29, 29, 17]
Filled Positions Rate: 37/41
Number of Blocked Users: 10
---------------------------------------------------------------------
Time to solve model: 0.0072500705719 seconds.
Subframe: 7
Solution:
[46, 46, 46, 46, 46, 46, 46, 46, 50, 50, 50, 50, 50, 50, 50, 50, -1, 1, -1, 7, 34, 34, 34, 34, 22, 22, 27, 27, 30, 30, 14, 11, 33, 33, 33, 33, 36, 36, 36, 36, 19]
Filled Positions Rate: 39/41
Number of Blocked Users: 12
---------------------------------------------------------------------
Time to solve model: 0.00607013702393 seconds.
Subframe: 8
Solution:
[32, 32, 28, 28, 31, 31, 2, 7, 35, 35, 35, 35, 41, 41, 41, 41, 1, 16, 30, 30, -1, 5, 15, -1, 20, -1, 25, 25, 29, 29, 9, 19, 48, 48, 48, 48, 48, 48, 48, 48, 13]
Filled Positions Rate: 38/41
Number of Blocked Users: 7
---------------------------------------------------------------------
Time to solve model: 0.00362086296082 seconds.
Subframe: 9
Solution:
[29, 29, 20, -1, 40, 40, 40, 40, 12, -1, -1, 11, 22, 22, 26, 26, 43, 43, 43, 43, 43, 43, 43, 43, 33, 33, 33, 33, 24, 24, 28, 28, 42, 42, 42, 42, 8, 7, 21, 21, 5]
Filled Positions Rate: 38/41
Number of Blocked Users: 10
---------------------------------------------------------------------
Mean Filled: 37.6
Mean Blocked: 8.3
