Subframe 0:
4147 - [ 16 17 18 19 ] [ 0 1 2 3 ]
15549 - [ 0 1 ] [ 2 3 ] [ 4 5 ] [ 6 7 ] [ 8 9 ] [ 10 11 ]
15393 - [ 13 ] [ 14 ] [ 15 ] [ 16 ] [ 17 ] [ 18 ]
31565 - [ 1 ] [ 2 ] [ 3 ] [ 4 ] [ 5 ] [ 6 ]
25791 - [ 4 5 6 7 ] [ 8 9 10 11 ]
63682 - [ 4 5 6 7 ] [ 8 9 10 11 ]
65235 - [ 8 9 ] [ 10 11 ] [ 12 13 ] [ 14 15 ] [ 16 17 ] [ 18 19 ]
57303 - [ 0 1 ] [ 2 3 ] [ 4 5 ] [ 6 7 ] [ 8 9 ] [ 10 11 ]
8018 - [ 4 5 ] [ 6 7 ] [ 8 9 ] [ 10 11 ] [ 12 13 ] [ 14 15 ]
33929 - [ 8 9 10 11 12 13 14 15 ] [ 0 1 2 3 4 5 6 7 ]
55483 - [ 0 1 2 3 4 5 6 7 ] [ 8 9 10 11 12 13 14 15 ]
55284 - [ 12 13 ] [ 14 15 ] [ 16 17 ] [ 18 19 ] [ 0 1 ] [ 2 3 ]
50170 - [ 14 ] [ 15 ] [ 16 ] [ 17 ] [ 18 ] [ 19 ]
53383 - [ 4 5 6 7 ] [ 8 9 10 11 ]
4985 - [ 2 ] [ 3 ] [ 4 ] [ 5 ] [ 6 ] [ 7 ]
43358 - [ 0 1 ] [ 2 3 ] [ 4 5 ] [ 6 7 ] [ 8 9 ] [ 10 11 ]
54067 - [ 17 ] [ 18 ] [ 19 ] [ 0 ] [ 1 ] [ 2 ]
34386 - [ 10 ] [ 11 ] [ 12 ] [ 13 ] [ 14 ] [ 15 ]
58690 - [ 16 17 ] [ 18 19 ] [ 0 1 ] [ 2 3 ] [ 4 5 ] [ 6 7 ]
54933 - [ 8 9 10 11 ] [ 12 13 14 15 ]
59179 - [ 2 ] [ 3 ] [ 4 ] [ 5 ] [ 6 ] [ 7 ]
3820 - [ 3 ] [ 4 ] [ 5 ] [ 6 ] [ 7 ] [ 8 ]
18114 - [ 18 19 ] [ 0 1 ] [ 2 3 ] [ 4 5 ] [ 6 7 ] [ 8 9 ]
59996 - [ 18 19 ] [ 0 1 ] [ 2 3 ] [ 4 5 ] [ 6 7 ] [ 8 9 ]
8329 - [ 12 13 ] [ 14 15 ] [ 16 17 ] [ 18 19 ] [ 0 1 ] [ 2 3 ]
6830 - [ 0 ] [ 1 ] [ 2 ] [ 3 ] [ 4 ] [ 5 ]
61478 - [ 6 ] [ 7 ] [ 8 ] [ 9 ] [ 10 ] [ 11 ]
47788 - [ 16 ] [ 17 ] [ 18 ] [ 19 ] [ 0 ] [ 1 ]
62825 - [ 16 17 18 19 ] [ 0 1 2 3 ]
21947 - [ 0 1 ] [ 2 3 ] [ 4 5 ] [ 6 7 ] [ 8 9 ] [ 10 11 ]
9137 - [ 15 ] [ 16 ] [ 17 ] [ 18 ] [ 19 ] [ 0 ]
46704 - [ 16 17 18 19 ] [ 0 1 2 3 ]
28846 - [ 9 ] [ 10 ] [ 11 ] [ 12 ] [ 13 ] [ 14 ]
28017 - [ 17 ] [ 18 ] [ 19 ] [ 0 ] [ 1 ] [ 2 ]
8165 - [ 12 13 14 15 ] [ 16 17 18 19 ]
42644 - [ 10 ] [ 11 ] [ 12 ] [ 13 ] [ 14 ] [ 15 ]
18202 - [ 8 9 10 11 ] [ 12 13 14 15 ]
19441 - [ 18 19 ] [ 0 1 ] [ 2 3 ] [ 4 5 ] [ 6 7 ] [ 8 9 ]
50662 - [ 15 ] [ 16 ] [ 17 ] [ 18 ] [ 19 ] [ 0 ]
62827 - [ 9 ] [ 10 ] [ 11 ] [ 12 ] [ 13 ] [ 14 ]
53942 - [ 16 17 18 19 ] [ 0 1 2 3 ]
58288 - [ 16 17 18 19 ] [ 0 1 2 3 ]
63392 - [ 12 13 14 15 ] [ 16 17 18 19 ]
61561 - [ 17 ] [ 18 ] [ 19 ] [ 0 ] [ 1 ] [ 2 ]
37235 - [ 4 5 6 7 ] [ 8 9 10 11 ]
46606 - [ 12 13 14 15 ] [ 16 17 18 19 ]
25651 - [ 8 9 10 11 12 13 14 15 ] [ 0 1 2 3 4 5 6 7 ]
18852 - [ 4 5 ] [ 6 7 ] [ 8 9 ] [ 10 11 ] [ 12 13 ] [ 14 15 ]
23912 - [ 14 15 ] [ 16 17 ] [ 18 19 ] [ 0 1 ] [ 2 3 ] [ 4 5 ]
52982 - [ 10 11 ] [ 12 13 ] [ 14 15 ] [ 16 17 ] [ 18 19 ] [ 0 1 ]
20663 - [ 9 ] [ 10 ] [ 11 ] [ 12 ] [ 13 ] [ 14 ]
23395 - [ 4 5 6 7 ] [ 8 9 10 11 ]
6521 - [ 8 9 10 11 12 13 14 15 ] [ 0 1 2 3 4 5 6 7 ]
35815 - [ 17 ] [ 18 ] [ 19 ] [ 0 ] [ 1 ] [ 2 ]
24110 - [ 12 13 14 15 ] [ 16 17 18 19 ]
58671 - [ 8 9 10 11 12 13 14 15 ] [ 0 1 2 3 4 5 6 7 ]
11085 - [ 3 ] [ 4 ] [ 5 ] [ 6 ] [ 7 ] [ 8 ]
15829 - [ 0 1 2 3 ] [ 4 5 6 7 ]
27521 - [ 19 ] [ 0 ] [ 1 ] [ 2 ] [ 3 ] [ 4 ]
43009 - [ 2 3 ] [ 4 5 ] [ 6 7 ] [ 8 9 ] [ 10 11 ] [ 12 13 ]
40779 - [ 0 1 2 3 4 5 6 7 ] [ 8 9 10 11 12 13 14 15 ]
14339 - [ 12 ] [ 13 ] [ 14 ] [ 15 ] [ 16 ] [ 17 ]
57939 - [ 0 1 2 3 ] [ 4 5 6 7 ]
29893 - [ 16 17 18 19 ] [ 0 1 2 3 ]
53893 - [ 2 3 ] [ 4 5 ] [ 6 7 ] [ 8 9 ] [ 10 11 ] [ 12 13 ]
52723 - [ 12 13 14 15 ] [ 16 17 18 19 ]
38098 - [ 4 5 ] [ 6 7 ] [ 8 9 ] [ 10 11 ] [ 12 13 ] [ 14 15 ]
8791 - [ 12 13 14 15 ] [ 16 17 18 19 ]
3995 - [ 4 5 6 7 ] [ 8 9 10 11 ]
27996 - [ 11 ] [ 12 ] [ 13 ] [ 14 ] [ 15 ] [ 16 ]
43769 - [ 14 15 ] [ 16 17 ] [ 18 19 ] [ 0 1 ] [ 2 3 ] [ 4 5 ]
58804 - [ 13 ] [ 14 ] [ 15 ] [ 16 ] [ 17 ] [ 18 ]
8895 - [ 0 1 2 3 4 5 6 7 ] [ 8 9 10 11 12 13 14 15 ]
58151 - [ 11 ] [ 12 ] [ 13 ] [ 14 ] [ 15 ] [ 16 ]
54563 - [ 8 9 10 11 12 13 14 15 ] [ 0 1 2 3 4 5 6 7 ]
43146 - [ 16 17 18 19 ] [ 0 1 2 3 ]
30542 - [ 14 ] [ 15 ] [ 16 ] [ 17 ] [ 18 ] [ 19 ]
36115 - [ 12 13 ] [ 14 15 ] [ 16 17 ] [ 18 19 ] [ 0 1 ] [ 2 3 ]
7355 - [ 8 9 10 11 ] [ 12 13 14 15 ]
49837 - [ 8 9 10 11 ] [ 12 13 14 15 ]
18463 - [ 1 ] [ 2 ] [ 3 ] [ 4 ] [ 5 ] [ 6 ]
25587 - [ 12 13 ] [ 14 15 ] [ 16 17 ] [ 18 19 ] [ 0 1 ] [ 2 3 ]
48226 - [ 6 7 ] [ 8 9 ] [ 10 11 ] [ 12 13 ] [ 14 15 ] [ 16 17 ]
17507 - [ 12 13 ] [ 14 15 ] [ 16 17 ] [ 18 19 ] [ 0 1 ] [ 2 3 ]
8713 - [ 8 9 10 11 12 13 14 15 ] [ 0 1 2 3 4 5 6 7 ]
18978 - [ 2 ] [ 3 ] [ 4 ] [ 5 ] [ 6 ] [ 7 ]
53597 - [ 8 9 10 11 ] [ 12 13 14 15 ]
22737 - [ 0 1 2 3 ] [ 4 5 6 7 ]
50019 - [ 1 ] [ 2 ] [ 3 ] [ 4 ] [ 5 ] [ 6 ]
42880 - [ 14 ] [ 15 ] [ 16 ] [ 17 ] [ 18 ] [ 19 ]
46747 - [ 6 7 ] [ 8 9 ] [ 10 11 ] [ 12 13 ] [ 14 15 ] [ 16 17 ]
57875 - [ 15 ] [ 16 ] [ 17 ] [ 18 ] [ 19 ] [ 0 ]
57566 - [ 4 5 6 7 ] [ 8 9 10 11 ]
62820 - [ 5 ] [ 6 ] [ 7 ] [ 8 ] [ 9 ] [ 10 ]
53227 - [ 14 15 ] [ 16 17 ] [ 18 19 ] [ 0 1 ] [ 2 3 ] [ 4 5 ]
50223 - [ 4 5 6 7 ] [ 8 9 10 11 ]
62532 - [ 0 1 2 3 4 5 6 7 ] [ 8 9 10 11 12 13 14 15 ]
50700 - [ 10 ] [ 11 ] [ 12 ] [ 13 ] [ 14 ] [ 15 ]
60521 - [ 4 5 6 7 ] [ 8 9 10 11 ]
34072 - [ 19 ] [ 0 ] [ 1 ] [ 2 ] [ 3 ] [ 4 ]
Subframe 1:
8791 - [ 12 13 14 15 ] [ 16 17 18 19 ]
25651 - [ 8 9 10 11 12 13 14 15 ] [ 0 1 2 3 4 5 6 7 ]
59179 - [ 19 ] [ 0 ] [ 1 ] [ 2 ] [ 3 ] [ 4 ]
55284 - [ 2 3 ] [ 4 5 ] [ 6 7 ] [ 8 9 ] [ 10 11 ] [ 12 13 ]
60521 - [ 16 17 18 19 ] [ 0 1 2 3 ]
31565 - [ 1 ] [ 2 ] [ 3 ] [ 4 ] [ 5 ] [ 6 ]
46747 - [ 16 17 ] [ 18 19 ] [ 0 1 ] [ 2 3 ] [ 4 5 ] [ 6 7 ]
48226 - [ 18 19 ] [ 0 1 ] [ 2 3 ] [ 4 5 ] [ 6 7 ] [ 8 9 ]
23912 - [ 12 13 ] [ 14 15 ] [ 16 17 ] [ 18 19 ] [ 0 1 ] [ 2 3 ]
65235 - [ 2 3 ] [ 4 5 ] [ 6 7 ] [ 8 9 ] [ 10 11 ] [ 12 13 ]
46704 - [ 0 1 2 3 ] [ 4 5 6 7 ]
42880 - [ 11 ] [ 12 ] [ 13 ] [ 14 ] [ 15 ] [ 16 ]
8895 - [ 8 9 10 11 12 13 14 15 ] [ 0 1 2 3 4 5 6 7 ]
59996 - [ 0 1 ] [ 2 3 ] [ 4 5 ] [ 6 7 ] [ 8 9 ] [ 10 11 ]
54933 - [ 4 5 6 7 ] [ 8 9 10 11 ]
40779 - [ 0 1 2 3 4 5 6 7 ] [ 8 9 10 11 12 13 14 15 ]
54563 - [ 0 1 2 3 4 5 6 7 ] [ 8 9 10 11 12 13 14 15 ]
36115 - [ 12 13 ] [ 14 15 ] [ 16 17 ] [ 18 19 ] [ 0 1 ] [ 2 3 ]
50019 - [ 12 ] [ 13 ] [ 14 ] [ 15 ] [ 16 ] [ 17 ]
34386 - [ 9 ] [ 10 ] [ 11 ] [ 12 ] [ 13 ] [ 14 ]
25791 - [ 12 13 14 15 ] [ 16 17 18 19 ]
58671 - [ 0 1 2 3 4 5 6 7 ] [ 8 9 10 11 12 13 14 15 ]
28017 - [ 13 ] [ 14 ] [ 15 ] [ 16 ] [ 17 ] [ 18 ]
62532 - [ 8 9 10 11 12 13 14 15 ] [ 0 1 2 3 4 5 6 7 ]
58690 - [ 10 11 ] [ 12 13 ] [ 14 15 ] [ 16 17 ] [ 18 19 ] [ 0 1 ]
52982 - [ 8 9 ] [ 10 11 ] [ 12 13 ] [ 14 15 ] [ 16 17 ] [ 18 19 ]
52723 - [ 16 17 18 19 ] [ 0 1 2 3 ]
34072 - [ 7 ] [ 8 ] [ 9 ] [ 10 ] [ 11 ] [ 12 ]
7355 - [ 12 13 14 15 ] [ 16 17 18 19 ]
9137 - [ 13 ] [ 14 ] [ 15 ] [ 16 ] [ 17 ] [ 18 ]
17507 - [ 10 11 ] [ 12 13 ] [ 14 15 ] [ 16 17 ] [ 18 19 ] [ 0 1 ]
15829 - [ 12 13 14 15 ] [ 16 17 18 19 ]
23395 - [ 12 13 14 15 ] [ 16 17 18 19 ]
18852 - [ 18 19 ] [ 0 1 ] [ 2 3 ] [ 4 5 ] [ 6 7 ] [ 8 9 ]
28846 - [ 17 ] [ 18 ] [ 19 ] [ 0 ] [ 1 ] [ 2 ]
4147 - [ 0 1 2 3 ] [ 4 5 6 7 ]
61561 - [ 10 ] [ 11 ] [ 12 ] [ 13 ] [ 14 ] [ 15 ]
8165 - [ 0 1 2 3 ] [ 4 5 6 7 ]
25587 - [ 14 15 ] [ 16 17 ] [ 18 19 ] [ 0 1 ] [ 2 3 ] [ 4 5 ]
50170 - [ 18 ] [ 19 ] [ 0 ] [ 1 ] [ 2 ] [ 3 ]
50700 - [ 7 ] [ 8 ] [ 9 ] [ 10 ] [ 11 ] [ 12 ]
19441 - [ 8 9 ] [ 10 11 ] [ 12 13 ] [ 14 15 ] [ 16 17 ] [ 18 19 ]
24110 - [ 8 9 10 11 ] [ 12 13 14 15 ]
22737 - [ 8 9 10 11 ] [ 12 13 14 15 ]
58288 - [ 12 13 14 15 ] [ 16 17 18 19 ]
43009 - [ 2 3 ] [ 4 5 ] [ 6 7 ] [ 8 9 ] [ 10 11 ] [ 12 13 ]
14339 - [ 14 ] [ 15 ] [ 16 ] [ 17 ] [ 18 ] [ 19 ]
6521 - [ 0 1 2 3 4 5 6 7 ] [ 8 9 10 11 12 13 14 15 ]
37235 - [ 4 5 6 7 ] [ 8 9 10 11 ]
15549 - [ 0 1 ] [ 2 3 ] [ 4 5 ] [ 6 7 ] [ 8 9 ] [ 10 11 ]
62827 - [ 18 ] [ 19 ] [ 0 ] [ 1 ] [ 2 ] [ 3 ]
11085 - [ 11 ] [ 12 ] [ 13 ] [ 14 ] [ 15 ] [ 16 ]
27996 - [ 18 ] [ 19 ] [ 0 ] [ 1 ] [ 2 ] [ 3 ]
46606 - [ 0 1 2 3 ] [ 4 5 6 7 ]
61478 - [ 2 ] [ 3 ] [ 4 ] [ 5 ] [ 6 ] [ 7 ]
50662 - [ 6 ] [ 7 ] [ 8 ] [ 9 ] [ 10 ] [ 11 ]
30542 - [ 3 ] [ 4 ] [ 5 ] [ 6 ] [ 7 ] [ 8 ]
43358 - [ 0 1 ] [ 2 3 ] [ 4 5 ] [ 6 7 ] [ 8 9 ] [ 10 11 ]
15393 - [ 4 ] [ 5 ] [ 6 ] [ 7 ] [ 8 ] [ 9 ]
6830 - [ 9 ] [ 10 ] [ 11 ] [ 12 ] [ 13 ] [ 14 ]
8713 - [ 8 9 10 11 12 13 14 15 ] [ 0 1 2 3 4 5 6 7 ]
57875 - [ 13 ] [ 14 ] [ 15 ] [ 16 ] [ 17 ] [ 18 ]
8018 - [ 18 19 ] [ 0 1 ] [ 2 3 ] [ 4 5 ] [ 6 7 ] [ 8 9 ]
8329 - [ 14 15 ] [ 16 17 ] [ 18 19 ] [ 0 1 ] [ 2 3 ] [ 4 5 ]
57566 - [ 4 5 6 7 ] [ 8 9 10 11 ]
63682 - [ 16 17 18 19 ] [ 0 1 2 3 ]
62825 - [ 8 9 10 11 ] [ 12 13 14 15 ]
43146 - [ 0 1 2 3 ] [ 4 5 6 7 ]
49837 - [ 16 17 18 19 ] [ 0 1 2 3 ]
53942 - [ 16 17 18 19 ] [ 0 1 2 3 ]
4985 - [ 13 ] [ 14 ] [ 15 ] [ 16 ] [ 17 ] [ 18 ]
57303 - [ 2 3 ] [ 4 5 ] [ 6 7 ] [ 8 9 ] [ 10 11 ] [ 12 13 ]
38098 - [ 2 3 ] [ 4 5 ] [ 6 7 ] [ 8 9 ] [ 10 11 ] [ 12 13 ]
47788 - [ 7 ] [ 8 ] [ 9 ] [ 10 ] [ 11 ] [ 12 ]
53227 - [ 6 7 ] [ 8 9 ] [ 10 11 ] [ 12 13 ] [ 14 15 ] [ 16 17 ]
58151 - [ 14 ] [ 15 ] [ 16 ] [ 17 ] [ 18 ] [ 19 ]
50223 - [ 4 5 6 7 ] [ 8 9 10 11 ]
58804 - [ 5 ] [ 6 ] [ 7 ] [ 8 ] [ 9 ] [ 10 ]
18463 - [ 13 ] [ 14 ] [ 15 ] [ 16 ] [ 17 ] [ 18 ]
53383 - [ 4 5 6 7 ] [ 8 9 10 11 ]
3995 - [ 16 17 18 19 ] [ 0 1 2 3 ]
21947 - [ 4 5 ] [ 6 7 ] [ 8 9 ] [ 10 11 ] [ 12 13 ] [ 14 15 ]
54067 - [ 12 ] [ 13 ] [ 14 ] [ 15 ] [ 16 ] [ 17 ]
20663 - [ 3 ] [ 4 ] [ 5 ] [ 6 ] [ 7 ] [ 8 ]
53893 - [ 10 11 ] [ 12 13 ] [ 14 15 ] [ 16 17 ] [ 18 19 ] [ 0 1 ]
29893 - [ 16 17 18 19 ] [ 0 1 2 3 ]
18978 - [ 15 ] [ 16 ] [ 17 ] [ 18 ] [ 19 ] [ 0 ]
53597 - [ 8 9 10 11 ] [ 12 13 14 15 ]
18114 - [ 8 9 ] [ 10 11 ] [ 12 13 ] [ 14 15 ] [ 16 17 ] [ 18 19 ]
43769 - [ 18 19 ] [ 0 1 ] [ 2 3 ] [ 4 5 ] [ 6 7 ] [ 8 9 ]
63392 - [ 16 17 18 19 ] [ 0 1 2 3 ]
42644 - [ 7 ] [ 8 ] [ 9 ] [ 10 ] [ 11 ] [ 12 ]
57939 - [ 16 17 18 19 ] [ 0 1 2 3 ]
55483 - [ 8 9 10 11 12 13 14 15 ] [ 0 1 2 3 4 5 6 7 ]
18202 - [ 16 17 18 19 ] [ 0 1 2 3 ]
33929 - [ 0 1 2 3 4 5 6 7 ] [ 8 9 10 11 12 13 14 15 ]
35815 - [ 16 ] [ 17 ] [ 18 ] [ 19 ] [ 0 ] [ 1 ]
62820 - [ 12 ] [ 13 ] [ 14 ] [ 15 ] [ 16 ] [ 17 ]
27521 - [ 13 ] [ 14 ] [ 15 ] [ 16 ] [ 17 ] [ 18 ]
3820 - [ 14 ] [ 15 ] [ 16 ] [ 17 ] [ 18 ] [ 19 ]
Subframe 2:
65235 - [ 2 3 ] [ 4 5 ] [ 6 7 ] [ 8 9 ] [ 10 11 ] [ 12 13 ]
6830 - [ 19 ] [ 0 ] [ 1 ] [ 2 ] [ 3 ] [ 4 ]
23912 - [ 10 11 ] [ 12 13 ] [ 14 15 ] [ 16 17 ] [ 18 19 ] [ 0 1 ]
46606 - [ 4 5 6 7 ] [ 8 9 10 11 ]
50223 - [ 0 1 2 3 ] [ 4 5 6 7 ]
18202 - [ 12 13 14 15 ] [ 16 17 18 19 ]
53383 - [ 16 17 18 19 ] [ 0 1 2 3 ]
42880 - [ 16 ] [ 17 ] [ 18 ] [ 19 ] [ 0 ] [ 1 ]
57875 - [ 17 ] [ 18 ] [ 19 ] [ 0 ] [ 1 ] [ 2 ]
50662 - [ 15 ] [ 16 ] [ 17 ] [ 18 ] [ 19 ] [ 0 ]
42644 - [ 8 ] [ 9 ] [ 10 ] [ 11 ] [ 12 ] [ 13 ]
28017 - [ 14 ] [ 15 ] [ 16 ] [ 17 ] [ 18 ] [ 19 ]
8713 - [ 8 9 10 11 12 13 14 15 ] [ 0 1 2 3 4 5 6 7 ]
58690 - [ 6 7 ] [ 8 9 ] [ 10 11 ] [ 12 13 ] [ 14 15 ] [ 16 17 ]
53227 - [ 18 19 ] [ 0 1 ] [ 2 3 ] [ 4 5 ] [ 6 7 ] [ 8 9 ]
30542 - [ 18 ] [ 19 ] [ 0 ] [ 1 ] [ 2 ] [ 3 ]
8018 - [ 8 9 ] [ 10 11 ] [ 12 13 ] [ 14 15 ] [ 16 17 ] [ 18 19 ]
61478 - [ 11 ] [ 12 ] [ 13 ] [ 14 ] [ 15 ] [ 16 ]
34386 - [ 12 ] [ 13 ] [ 14 ] [ 15 ] [ 16 ] [ 17 ]
43009 - [ 10 11 ] [ 12 13 ] [ 14 15 ] [ 16 17 ] [ 18 19 ] [ 0 1 ]
43146 - [ 12 13 14 15 ] [ 16 17 18 19 ]
61561 - [ 4 ] [ 5 ] [ 6 ] [ 7 ] [ 8 ] [ 9 ]
35815 - [ 17 ] [ 18 ] [ 19 ] [ 0 ] [ 1 ] [ 2 ]
63392 - [ 4 5 6 7 ] [ 8 9 10 11 ]
22737 - [ 16 17 18 19 ] [ 0 1 2 3 ]
43769 - [ 10 11 ] [ 12 13 ] [ 14 15 ] [ 16 17 ] [ 18 19 ] [ 0 1 ]
8165 - [ 4 5 6 7 ] [ 8 9 10 11 ]
50700 - [ 6 ] [ 7 ] [ 8 ] [ 9 ] [ 10 ] [ 11 ]
62532 - [ 0 1 2 3 4 5 6 7 ] [ 8 9 10 11 12 13 14 15 ]
17507 - [ 16 17 ] [ 18 19 ] [ 0 1 ] [ 2 3 ] [ 4 5 ] [ 6 7 ]
33929 - [ 8 9 10 11 12 13 14 15 ] [ 0 1 2 3 4 5 6 7 ]
52723 - [ 8 9 10 11 ] [ 12 13 14 15 ]
8791 - [ 12 13 14 15 ] [ 16 17 18 19 ]
25587 - [ 18 19 ] [ 0 1 ] [ 2 3 ] [ 4 5 ] [ 6 7 ] [ 8 9 ]
49837 - [ 0 1 2 3 ] [ 4 5 6 7 ]
40779 - [ 0 1 2 3 4 5 6 7 ] [ 8 9 10 11 12 13 14 15 ]
18463 - [ 3 ] [ 4 ] [ 5 ] [ 6 ] [ 7 ] [ 8 ]
9137 - [ 18 ] [ 19 ] [ 0 ] [ 1 ] [ 2 ] [ 3 ]
59179 - [ 14 ] [ 15 ] [ 16 ] [ 17 ] [ 18 ] [ 19 ]
46747 - [ 16 17 ] [ 18 19 ] [ 0 1 ] [ 2 3 ] [ 4 5 ] [ 6 7 ]
20663 - [ 3 ] [ 4 ] [ 5 ] [ 6 ] [ 7 ] [ 8 ]
55284 - [ 10 11 ] [ 12 13 ] [ 14 15 ] [ 16 17 ] [ 18 19 ] [ 0 1 ]
55483 - [ 8 9 10 11 12 13 14 15 ] [ 0 1 2 3 4 5 6 7 ]
6521 - [ 8 9 10 11 12 13 14 15 ] [ 0 1 2 3 4 5 6 7 ]
62825 - [ 4 5 6 7 ] [ 8 9 10 11 ]
15549 - [ 18 19 ] [ 0 1 ] [ 2 3 ] [ 4 5 ] [ 6 7 ] [ 8 9 ]
4147 - [ 4 5 6 7 ] [ 8 9 10 11 ]
3995 - [ 8 9 10 11 ] [ 12 13 14 15 ]
50170 - [ 11 ] [ 12 ] [ 13 ] [ 14 ] [ 15 ] [ 16 ]
18978 - [ 2 ] [ 3 ] [ 4 ] [ 5 ] [ 6 ] [ 7 ]
43358 - [ 10 11 ] [ 12 13 ] [ 14 15 ] [ 16 17 ] [ 18 19 ] [ 0 1 ]
62820 - [ 19 ] [ 0 ] [ 1 ] [ 2 ] [ 3 ] [ 4 ]
46704 - [ 0 1 2 3 ] [ 4 5 6 7 ]
36115 - [ 8 9 ] [ 10 11 ] [ 12 13 ] [ 14 15 ] [ 16 17 ] [ 18 19 ]
21947 - [ 10 11 ] [ 12 13 ] [ 14 15 ] [ 16 17 ] [ 18 19 ] [ 0 1 ]
47788 - [ 1 ] [ 2 ] [ 3 ] [ 4 ] [ 5 ] [ 6 ]
31565 - [ 5 ] [ 6 ] [ 7 ] [ 8 ] [ 9 ] [ 10 ]
24110 - [ 8 9 10 11 ] [ 12 13 14 15 ]
23395 - [ 16 17 18 19 ] [ 0 1 2 3 ]
48226 - [ 14 15 ] [ 16 17 ] [ 18 19 ] [ 0 1 ] [ 2 3 ] [ 4 5 ]
57939 - [ 4 5 6 7 ] [ 8 9 10 11 ]
7355 - [ 8 9 10 11 ] [ 12 13 14 15 ]
14339 - [ 7 ] [ 8 ] [ 9 ] [ 10 ] [ 11 ] [ 12 ]
28846 - [ 5 ] [ 6 ] [ 7 ] [ 8 ] [ 9 ] [ 10 ]
25791 - [ 16 17 18 19 ] [ 0 1 2 3 ]
11085 - [ 3 ] [ 4 ] [ 5 ] [ 6 ] [ 7 ] [ 8 ]
58151 - [ 15 ] [ 16 ] [ 17 ] [ 18 ] [ 19 ] [ 0 ]
27996 - [ 18 ] [ 19 ] [ 0 ] [ 1 ] [ 2 ] [ 3 ]
18114 - [ 6 7 ] [ 8 9 ] [ 10 11 ] [ 12 13 ] [ 14 15 ] [ 16 17 ]
54933 - [ 12 13 14 15 ] [ 16 17 18 19 ]
18852 - [ 12 13 ] [ 14 15 ] [ 16 17 ] [ 18 19 ] [ 0 1 ] [ 2 3 ]
54067 - [ 12 ] [ 13 ] [ 14 ] [ 15 ] [ 16 ] [ 17 ]
34072 - [ 3 ] [ 4 ] [ 5 ] [ 6 ] [ 7 ] [ 8 ]
8895 - [ 0 1 2 3 4 5 6 7 ] [ 8 9 10 11 12 13 14 15 ]
54563 - [ 0 1 2 3 4 5 6 7 ] [ 8 9 10 11 12 13 14 15 ]
58288 - [ 4 5 6 7 ] [ 8 9 10 11 ]
57566 - [ 8 9 10 11 ] [ 12 13 14 15 ]
37235 - [ 16 17 18 19 ] [ 0 1 2 3 ]
58804 - [ 16 ] [ 17 ] [ 18 ] [ 19 ] [ 0 ] [ 1 ]
15393 - [ 14 ] [ 15 ] [ 16 ] [ 17 ] [ 18 ] [ 19 ]
53942 - [ 16 17 18 19 ] [ 0 1 2 3 ]
63682 - [ 16 17 18 19 ] [ 0 1 2 3 ]
27521 - [ 12 ] [ 13 ] [ 14 ] [ 15 ] [ 16 ] [ 17 ]
53893 - [ 2 3 ] [ 4 5 ] [ 6 7 ] [ 8 9 ] [ 10 11 ] [ 12 13 ]
3820 - [ 8 ] [ 9 ] [ 10 ] [ 11 ] [ 12 ] [ 13 ]
19441 - [ 16 17 ] [ 18 19 ] [ 0 1 ] [ 2 3 ] [ 4 5 ] [ 6 7 ]
52982 - [ 16 17 ] [ 18 19 ] [ 0 1 ] [ 2 3 ] [ 4 5 ] [ 6 7 ]
50019 - [ 18 ] [ 19 ] [ 0 ] [ 1 ] [ 2 ] [ 3 ]
59996 - [ 4 5 ] [ 6 7 ] [ 8 9 ] [ 10 11 ] [ 12 13 ] [ 14 15 ]
29893 - [ 12 13 14 15 ] [ 16 17 18 19 ]
57303 - [ 0 1 ] [ 2 3 ] [ 4 5 ] [ 6 7 ] [ 8 9 ] [ 10 11 ]
62827 - [ 13 ] [ 14 ] [ 15 ] [ 16 ] [ 17 ] [ 18 ]
15829 - [ 4 5 6 7 ] [ 8 9 10 11 ]
58671 - [ 0 1 2 3 4 5 6 7 ] [ 8 9 10 11 12 13 14 15 ]
25651 - [ 0 1 2 3 4 5 6 7 ] [ 8 9 10 11 12 13 14 15 ]
38098 - [ 0 1 ] [ 2 3 ] [ 4 5 ] [ 6 7 ] [ 8 9 ] [ 10 11 ]
60521 - [ 0 1 2 3 ] [ 4 5 6 7 ]
8329 - [ 6 7 ] [ 8 9 ] [ 10 11 ] [ 12 13 ] [ 14 15 ] [ 16 17 ]
53597 - [ 0 1 2 3 ] [ 4 5 6 7 ]
4985 - [ 15 ] [ 16 ] [ 17 ] [ 18 ] [ 19 ] [ 0 ]
Subframe 3:
14339 - [ 8 ] [ 9 ] [ 10 ] [ 11 ] [ 12 ] [ 13 ]
37235 - [ 16 17 18 19 ] [ 0 1 2 3 ]
27521 - [ 13 ] [ 14 ] [ 15 ] [ 16 ] [ 17 ] [ 18 ]
57303 - [ 2 3 ] [ 4 5 ] [ 6 7 ] [ 8 9 ] [ 10 11 ] [ 12 13 ]
58671 - [ 8 9 10 11 12 13 14 15 ] [ 0 1 2 3 4 5 6 7 ]
15549 - [ 8 9 ] [ 10 11 ] [ 12 13 ] [ 14 15 ] [ 16 17 ] [ 18 19 ]
50662 - [ 9 ] [ 10 ] [ 11 ] [ 12 ] [ 13 ] [ 14 ]
25791 - [ 12 13 14 15 ] [ 16 17 18 19 ]
8165 - [ 12 13 14 15 ] [ 16 17 18 19 ]
47788 - [ 0 ] [ 1 ] [ 2 ] [ 3 ] [ 4 ] [ 5 ]
53893 - [ 4 5 ] [ 6 7 ] [ 8 9 ] [ 10 11 ] [ 12 13 ] [ 14 15 ]
50700 - [ 0 ] [ 1 ] [ 2 ] [ 3 ] [ 4 ] [ 5 ]
17507 - [ 2 3 ] [ 4 5 ] [ 6 7 ] [ 8 9 ] [ 10 11 ] [ 12 13 ]
63682 - [ 4 5 6 7 ] [ 8 9 10 11 ]
61561 - [ 16 ] [ 17 ] [ 18 ] [ 19 ] [ 0 ] [ 1 ]
15829 - [ 4 5 6 7 ] [ 8 9 10 11 ]
31565 - [ 0 ] [ 1 ] [ 2 ] [ 3 ] [ 4 ] [ 5 ]
8791 - [ 8 9 10 11 ] [ 12 13 14 15 ]
52723 - [ 8 9 10 11 ] [ 12 13 14 15 ]
25651 - [ 0 1 2 3 4 5 6 7 ] [ 8 9 10 11 12 13 14 15 ]
50019 - [ 10 ] [ 11 ] [ 12 ] [ 13 ] [ 14 ] [ 15 ]
15393 - [ 6 ] [ 7 ] [ 8 ] [ 9 ] [ 10 ] [ 11 ]
21947 - [ 16 17 ] [ 18 19 ] [ 0 1 ] [ 2 3 ] [ 4 5 ] [ 6 7 ]
19441 - [ 2 3 ] [ 4 5 ] [ 6 7 ] [ 8 9 ] [ 10 11 ] [ 12 13 ]
62827 - [ 8 ] [ 9 ] [ 10 ] [ 11 ] [ 12 ] [ 13 ]
58804 - [ 12 ] [ 13 ] [ 14 ] [ 15 ] [ 16 ] [ 17 ]
24110 - [ 8 9 10 11 ] [ 12 13 14 15 ]
18978 - [ 17 ] [ 18 ] [ 19 ] [ 0 ] [ 1 ] [ 2 ]
61478 - [ 17 ] [ 18 ] [ 19 ] [ 0 ] [ 1 ] [ 2 ]
36115 - [ 4 5 ] [ 6 7 ] [ 8 9 ] [ 10 11 ] [ 12 13 ] [ 14 15 ]
62532 - [ 0 1 2 3 4 5 6 7 ] [ 8 9 10 11 12 13 14 15 ]
34072 - [ 19 ] [ 0 ] [ 1 ] [ 2 ] [ 3 ] [ 4 ]
7355 - [ 12 13 14 15 ] [ 16 17 18 19 ]
18852 - [ 8 9 ] [ 10 11 ] [ 12 13 ] [ 14 15 ] [ 16 17 ] [ 18 19 ]
3995 - [ 0 1 2 3 ] [ 4 5 6 7 ]
52982 - [ 6 7 ] [ 8 9 ] [ 10 11 ] [ 12 13 ] [ 14 15 ] [ 16 17 ]
53383 - [ 4 5 6 7 ] [ 8 9 10 11 ]
54933 - [ 4 5 6 7 ] [ 8 9 10 11 ]
23395 - [ 16 17 18 19 ] [ 0 1 2 3 ]
28017 - [ 18 ] [ 19 ] [ 0 ] [ 1 ] [ 2 ] [ 3 ]
4147 - [ 0 1 2 3 ] [ 4 5 6 7 ]
57939 - [ 12 13 14 15 ] [ 16 17 18 19 ]
43009 - [ 2 3 ] [ 4 5 ] [ 6 7 ] [ 8 9 ] [ 10 11 ] [ 12 13 ]
38098 - [ 2 3 ] [ 4 5 ] [ 6 7 ] [ 8 9 ] [ 10 11 ] [ 12 13 ]
63392 - [ 12 13 14 15 ] [ 16 17 18 19 ]
46704 - [ 0 1 2 3 ] [ 4 5 6 7 ]
46747 - [ 8 9 ] [ 10 11 ] [ 12 13 ] [ 14 15 ] [ 16 17 ] [ 18 19 ]
35815 - [ 6 ] [ 7 ] [ 8 ] [ 9 ] [ 10 ] [ 11 ]
62820 - [ 11 ] [ 12 ] [ 13 ] [ 14 ] [ 15 ] [ 16 ]
48226 - [ 4 5 ] [ 6 7 ] [ 8 9 ] [ 10 11 ] [ 12 13 ] [ 14 15 ]
8895 - [ 8 9 10 11 12 13 14 15 ] [ 0 1 2 3 4 5 6 7 ]
43769 - [ 4 5 ] [ 6 7 ] [ 8 9 ] [ 10 11 ] [ 12 13 ] [ 14 15 ]
18463 - [ 8 ] [ 9 ] [ 10 ] [ 11 ] [ 12 ] [ 13 ]
57566 - [ 4 5 6 7 ] [ 8 9 10 11 ]
65235 - [ 14 15 ] [ 16 17 ] [ 18 19 ] [ 0 1 ] [ 2 3 ] [ 4 5 ]
54563 - [ 8 9 10 11 12 13 14 15 ] [ 0 1 2 3 4 5 6 7 ]
62825 - [ 4 5 6 7 ] [ 8 9 10 11 ]
22737 - [ 16 17 18 19 ] [ 0 1 2 3 ]
59996 - [ 6 7 ] [ 8 9 ] [ 10 11 ] [ 12 13 ] [ 14 15 ] [ 16 17 ]
53942 - [ 4 5 6 7 ] [ 8 9 10 11 ]
18114 - [ 6 7 ] [ 8 9 ] [ 10 11 ] [ 12 13 ] [ 14 15 ] [ 16 17 ]
53597 - [ 16 17 18 19 ] [ 0 1 2 3 ]
50223 - [ 0 1 2 3 ] [ 4 5 6 7 ]
34386 - [ 2 ] [ 3 ] [ 4 ] [ 5 ] [ 6 ] [ 7 ]
28846 - [ 7 ] [ 8 ] [ 9 ] [ 10 ] [ 11 ] [ 12 ]
9137 - [ 16 ] [ 17 ] [ 18 ] [ 19 ] [ 0 ] [ 1 ]
42880 - [ 19 ] [ 0 ] [ 1 ] [ 2 ] [ 3 ] [ 4 ]
58690 - [ 12 13 ] [ 14 15 ] [ 16 17 ] [ 18 19 ] [ 0 1 ] [ 2 3 ]
50170 - [ 15 ] [ 16 ] [ 17 ] [ 18 ] [ 19 ] [ 0 ]
57875 - [ 18 ] [ 19 ] [ 0 ] [ 1 ] [ 2 ] [ 3 ]
30542 - [ 19 ] [ 0 ] [ 1 ] [ 2 ] [ 3 ] [ 4 ]
55284 - [ 10 11 ] [ 12 13 ] [ 14 15 ] [ 16 17 ] [ 18 19 ] [ 0 1 ]
25587 - [ 6 7 ] [ 8 9 ] [ 10 11 ] [ 12 13 ] [ 14 15 ] [ 16 17 ]
58151 - [ 7 ] [ 8 ] [ 9 ] [ 10 ] [ 11 ] [ 12 ]
59179 - [ 1 ] [ 2 ] [ 3 ] [ 4 ] [ 5 ] [ 6 ]
23912 - [ 4 5 ] [ 6 7 ] [ 8 9 ] [ 10 11 ] [ 12 13 ] [ 14 15 ]
3820 - [ 3 ] [ 4 ] [ 5 ] [ 6 ] [ 7 ] [ 8 ]
46606 - [ 8 9 10 11 ] [ 12 13 14 15 ]
6521 - [ 8 9 10 11 12 13 14 15 ] [ 0 1 2 3 4 5 6 7 ]
8018 - [ 2 3 ] [ 4 5 ] [ 6 7 ] [ 8 9 ] [ 10 11 ] [ 12 13 ]
6830 - [ 1 ] [ 2 ] [ 3 ] [ 4 ] [ 5 ] [ 6 ]
29893 - [ 0 1 2 3 ] [ 4 5 6 7 ]
40779 - [ 8 9 10 11 12 13 14 15 ] [ 0 1 2 3 4 5 6 7 ]
54067 - [ 5 ] [ 6 ] [ 7 ] [ 8 ] [ 9 ] [ 10 ]
43358 - [ 12 13 ] [ 14 15 ] [ 16 17 ] [ 18 19 ] [ 0 1 ] [ 2 3 ]
8713 - [ 0 1 2 3 4 5 6 7 ] [ 8 9 10 11 12 13 14 15 ]
53227 - [ 16 17 ] [ 18 19 ] [ 0 1 ] [ 2 3 ] [ 4 5 ] [ 6 7 ]
4985 - [ 8 ] [ 9 ] [ 10 ] [ 11 ] [ 12 ] [ 13 ]
27996 - [ 7 ] [ 8 ] [ 9 ] [ 10 ] [ 11 ] [ 12 ]
43146 - [ 8 9 10 11 ] [ 12 13 14 15 ]
18202 - [ 0 1 2 3 ] [ 4 5 6 7 ]
55483 - [ 0 1 2 3 4 5 6 7 ] [ 8 9 10 11 12 13 14 15 ]
8329 - [ 10 11 ] [ 12 13 ] [ 14 15 ] [ 16 17 ] [ 18 19 ] [ 0 1 ]
58288 - [ 4 5 6 7 ] [ 8 9 10 11 ]
20663 - [ 4 ] [ 5 ] [ 6 ] [ 7 ] [ 8 ] [ 9 ]
33929 - [ 8 9 10 11 12 13 14 15 ] [ 0 1 2 3 4 5 6 7 ]
42644 - [ 5 ] [ 6 ] [ 7 ] [ 8 ] [ 9 ] [ 10 ]
49837 - [ 12 13 14 15 ] [ 16 17 18 19 ]
11085 - [ 17 ] [ 18 ] [ 19 ] [ 0 ] [ 1 ] [ 2 ]
60521 - [ 0 1 2 3 ] [ 4 5 6 7 ]
Subframe 4:
57875 - [ 0 ] [ 1 ] [ 2 ] [ 3 ] [ 4 ] [ 5 ]
43358 - [ 8 9 ] [ 10 11 ] [ 12 13 ] [ 14 15 ] [ 16 17 ] [ 18 19 ]
38098 - [ 18 19 ] [ 0 1 ] [ 2 3 ] [ 4 5 ] [ 6 7 ] [ 8 9 ]
55483 - [ 0 1 2 3 4 5 6 7 ] [ 8 9 10 11 12 13 14 15 ]
24110 - [ 12 13 14 15 ] [ 16 17 18 19 ]
49837 - [ 12 13 14 15 ] [ 16 17 18 19 ]
50223 - [ 16 17 18 19 ] [ 0 1 2 3 ]
20663 - [ 10 ] [ 11 ] [ 12 ] [ 13 ] [ 14 ] [ 15 ]
8791 - [ 0 1 2 3 ] [ 4 5 6 7 ]
31565 - [ 0 ] [ 1 ] [ 2 ] [ 3 ] [ 4 ] [ 5 ]
57939 - [ 4 5 6 7 ] [ 8 9 10 11 ]
4147 - [ 4 5 6 7 ] [ 8 9 10 11 ]
18978 - [ 7 ] [ 8 ] [ 9 ] [ 10 ] [ 11 ] [ 12 ]
27996 - [ 17 ] [ 18 ] [ 19 ] [ 0 ] [ 1 ] [ 2 ]
59179 - [ 14 ] [ 15 ] [ 16 ] [ 17 ] [ 18 ] [ 19 ]
47788 - [ 18 ] [ 19 ] [ 0 ] [ 1 ] [ 2 ] [ 3 ]
57566 - [ 16 17 18 19 ] [ 0 1 2 3 ]
53942 - [ 16 17 18 19 ] [ 0 1 2 3 ]
22737 - [ 16 17 18 19 ] [ 0 1 2 3 ]
63392 - [ 8 9 10 11 ] [ 12 13 14 15 ]
62825 - [ 8 9 10 11 ] [ 12 13 14 15 ]
4985 - [ 19 ] [ 0 ] [ 1 ] [ 2 ] [ 3 ] [ 4 ]
62532 - [ 0 1 2 3 4 5 6 7 ] [ 8 9 10 11 12 13 14 15 ]
8329 - [ 8 9 ] [ 10 11 ] [ 12 13 ] [ 14 15 ] [ 16 17 ] [ 18 19 ]
23395 - [ 8 9 10 11 ] [ 12 13 14 15 ]
19441 - [ 10 11 ] [ 12 13 ] [ 14 15 ] [ 16 17 ] [ 18 19 ] [ 0 1 ]
46704 - [ 12 13 14 15 ] [ 16 17 18 19 ]
25791 - [ 4 5 6 7 ] [ 8 9 10 11 ]
50700 - [ 15 ] [ 16 ] [ 17 ] [ 18 ] [ 19 ] [ 0 ]
25587 - [ 18 19 ] [ 0 1 ] [ 2 3 ] [ 4 5 ] [ 6 7 ] [ 8 9 ]
60521 - [ 12 13 14 15 ] [ 16 17 18 19 ]
11085 - [ 13 ] [ 14 ] [ 15 ] [ 16 ] [ 17 ] [ 18 ]
58690 - [ 16 17 ] [ 18 19 ] [ 0 1 ] [ 2 3 ] [ 4 5 ] [ 6 7 ]
62820 - [ 18 ] [ 19 ] [ 0 ] [ 1 ] [ 2 ] [ 3 ]
61561 - [ 7 ] [ 8 ] [ 9 ] [ 10 ] [ 11 ] [ 12 ]
3820 - [ 2 ] [ 3 ] [ 4 ] [ 5 ] [ 6 ] [ 7 ]
53597 - [ 8 9 10 11 ] [ 12 13 14 15 ]
54067 - [ 10 ] [ 11 ] [ 12 ] [ 13 ] [ 14 ] [ 15 ]
28017 - [ 13 ] [ 14 ] [ 15 ] [ 16 ] [ 17 ] [ 18 ]
29893 - [ 16 17 18 19 ] [ 0 1 2 3 ]
15549 - [ 10 11 ] [ 12 13 ] [ 14 15 ] [ 16 17 ] [ 18 19 ] [ 0 1 ]
8165 - [ 4 5 6 7 ] [ 8 9 10 11 ]
34072 - [ 4 ] [ 5 ] [ 6 ] [ 7 ] [ 8 ] [ 9 ]
21947 - [ 4 5 ] [ 6 7 ] [ 8 9 ] [ 10 11 ] [ 12 13 ] [ 14 15 ]
53227 - [ 2 3 ] [ 4 5 ] [ 6 7 ] [ 8 9 ] [ 10 11 ] [ 12 13 ]
6521 - [ 0 1 2 3 4 5 6 7 ] [ 8 9 10 11 12 13 14 15 ]
43769 - [ 6 7 ] [ 8 9 ] [ 10 11 ] [ 12 13 ] [ 14 15 ] [ 16 17 ]
14339 - [ 12 ] [ 13 ] [ 14 ] [ 15 ] [ 16 ] [ 17 ]
17507 - [ 14 15 ] [ 16 17 ] [ 18 19 ] [ 0 1 ] [ 2 3 ] [ 4 5 ]
15829 - [ 8 9 10 11 ] [ 12 13 14 15 ]
18463 - [ 3 ] [ 4 ] [ 5 ] [ 6 ] [ 7 ] [ 8 ]
42644 - [ 0 ] [ 1 ] [ 2 ] [ 3 ] [ 4 ] [ 5 ]
46747 - [ 10 11 ] [ 12 13 ] [ 14 15 ] [ 16 17 ] [ 18 19 ] [ 0 1 ]
36115 - [ 12 13 ] [ 14 15 ] [ 16 17 ] [ 18 19 ] [ 0 1 ] [ 2 3 ]
8895 - [ 0 1 2 3 4 5 6 7 ] [ 8 9 10 11 12 13 14 15 ]
35815 - [ 19 ] [ 0 ] [ 1 ] [ 2 ] [ 3 ] [ 4 ]
8713 - [ 8 9 10 11 12 13 14 15 ] [ 0 1 2 3 4 5 6 7 ]
27521 - [ 17 ] [ 18 ] [ 19 ] [ 0 ] [ 1 ] [ 2 ]
54933 - [ 0 1 2 3 ] [ 4 5 6 7 ]
52982 - [ 16 17 ] [ 18 19 ] [ 0 1 ] [ 2 3 ] [ 4 5 ] [ 6 7 ]
28846 - [ 7 ] [ 8 ] [ 9 ] [ 10 ] [ 11 ] [ 12 ]
42880 - [ 16 ] [ 17 ] [ 18 ] [ 19 ] [ 0 ] [ 1 ]
53383 - [ 16 17 18 19 ] [ 0 1 2 3 ]
40779 - [ 0 1 2 3 4 5 6 7 ] [ 8 9 10 11 12 13 14 15 ]
18202 - [ 4 5 6 7 ] [ 8 9 10 11 ]
50170 - [ 11 ] [ 12 ] [ 13 ] [ 14 ] [ 15 ] [ 16 ]
34386 - [ 14 ] [ 15 ] [ 16 ] [ 17 ] [ 18 ] [ 19 ]
48226 - [ 4 5 ] [ 6 7 ] [ 8 9 ] [ 10 11 ] [ 12 13 ] [ 14 15 ]
58804 - [ 4 ] [ 5 ] [ 6 ] [ 7 ] [ 8 ] [ 9 ]
3995 - [ 0 1 2 3 ] [ 4 5 6 7 ]
58671 - [ 8 9 10 11 12 13 14 15 ] [ 0 1 2 3 4 5 6 7 ]
43146 - [ 0 1 2 3 ] [ 4 5 6 7 ]
54563 - [ 8 9 10 11 12 13 14 15 ] [ 0 1 2 3 4 5 6 7 ]
58288 - [ 12 13 14 15 ] [ 16 17 18 19 ]
9137 - [ 2 ] [ 3 ] [ 4 ] [ 5 ] [ 6 ] [ 7 ]
46606 - [ 8 9 10 11 ] [ 12 13 14 15 ]
53893 - [ 2 3 ] [ 4 5 ] [ 6 7 ] [ 8 9 ] [ 10 11 ] [ 12 13 ]
58151 - [ 0 ] [ 1 ] [ 2 ] [ 3 ] [ 4 ] [ 5 ]
52723 - [ 0 1 2 3 ] [ 4 5 6 7 ]
63682 - [ 12 13 14 15 ] [ 16 17 18 19 ]
15393 - [ 4 ] [ 5 ] [ 6 ] [ 7 ] [ 8 ] [ 9 ]
6830 - [ 15 ] [ 16 ] [ 17 ] [ 18 ] [ 19 ] [ 0 ]
18114 - [ 2 3 ] [ 4 5 ] [ 6 7 ] [ 8 9 ] [ 10 11 ] [ 12 13 ]
8018 - [ 4 5 ] [ 6 7 ] [ 8 9 ] [ 10 11 ] [ 12 13 ] [ 14 15 ]
7355 - [ 0 1 2 3 ] [ 4 5 6 7 ]
50662 - [ 5 ] [ 6 ] [ 7 ] [ 8 ] [ 9 ] [ 10 ]
50019 - [ 2 ] [ 3 ] [ 4 ] [ 5 ] [ 6 ] [ 7 ]
62827 - [ 11 ] [ 12 ] [ 13 ] [ 14 ] [ 15 ] [ 16 ]
43009 - [ 18 19 ] [ 0 1 ] [ 2 3 ] [ 4 5 ] [ 6 7 ] [ 8 9 ]
55284 - [ 12 13 ] [ 14 15 ] [ 16 17 ] [ 18 19 ] [ 0 1 ] [ 2 3 ]
65235 - [ 4 5 ] [ 6 7 ] [ 8 9 ] [ 10 11 ] [ 12 13 ] [ 14 15 ]
23912 - [ 14 15 ] [ 16 17 ] [ 18 19 ] [ 0 1 ] [ 2 3 ] [ 4 5 ]
18852 - [ 4 5 ] [ 6 7 ] [ 8 9 ] [ 10 11 ] [ 12 13 ] [ 14 15 ]
30542 - [ 8 ] [ 9 ] [ 10 ] [ 11 ] [ 12 ] [ 13 ]
59996 - [ 12 13 ] [ 14 15 ] [ 16 17 ] [ 18 19 ] [ 0 1 ] [ 2 3 ]
57303 - [ 2 3 ] [ 4 5 ] [ 6 7 ] [ 8 9 ] [ 10 11 ] [ 12 13 ]
61478 - [ 11 ] [ 12 ] [ 13 ] [ 14 ] [ 15 ] [ 16 ]
37235 - [ 0 1 2 3 ] [ 4 5 6 7 ]
25651 - [ 8 9 10 11 12 13 14 15 ] [ 0 1 2 3 4 5 6 7 ]
33929 - [ 8 9 10 11 12 13 14 15 ] [ 0 1 2 3 4 5 6 7 ]
Subframe 5:
50170 - [ 8 ] [ 9 ] [ 10 ] [ 11 ] [ 12 ] [ 13 ]
3820 - [ 9 ] [ 10 ] [ 11 ] [ 12 ] [ 13 ] [ 14 ]
8165 - [ 4 5 6 7 ] [ 8 9 10 11 ]
18978 - [ 18 ] [ 19 ] [ 0 ] [ 1 ] [ 2 ] [ 3 ]
47788 - [ 3 ] [ 4 ] [ 5 ] [ 6 ] [ 7 ] [ 8 ]
37235 - [ 0 1 2 3 ] [ 4 5 6 7 ]
42644 - [ 6 ] [ 7 ] [ 8 ] [ 9 ] [ 10 ] [ 11 ]
8713 - [ 8 9 10 11 12 13 14 15 ] [ 0 1 2 3 4 5 6 7 ]
25791 - [ 8 9 10 11 ] [ 12 13 14 15 ]
58671 - [ 8 9 10 11 12 13 14 15 ] [ 0 1 2 3 4 5 6 7 ]
53597 - [ 8 9 10 11 ] [ 12 13 14 15 ]
53942 - [ 16 17 18 19 ] [ 0 1 2 3 ]
43009 - [ 4 5 ] [ 6 7 ] [ 8 9 ] [ 10 11 ] [ 12 13 ] [ 14 15 ]
53893 - [ 8 9 ] [ 10 11 ] [ 12 13 ] [ 14 15 ] [ 16 17 ] [ 18 19 ]
50662 - [ 9 ] [ 10 ] [ 11 ] [ 12 ] [ 13 ] [ 14 ]
42880 - [ 12 ] [ 13 ] [ 14 ] [ 15 ] [ 16 ] [ 17 ]
23395 - [ 8 9 10 11 ] [ 12 13 14 15 ]
7355 - [ 0 1 2 3 ] [ 4 5 6 7 ]
46704 - [ 12 13 14 15 ] [ 16 17 18 19 ]
8329 - [ 16 17 ] [ 18 19 ] [ 0 1 ] [ 2 3 ] [ 4 5 ] [ 6 7 ]
62827 - [ 1 ] [ 2 ] [ 3 ] [ 4 ] [ 5 ] [ 6 ]
46606 - [ 16 17 18 19 ] [ 0 1 2 3 ]
29893 - [ 4 5 6 7 ] [ 8 9 10 11 ]
43146 - [ 0 1 2 3 ] [ 4 5 6 7 ]
58690 - [ 4 5 ] [ 6 7 ] [ 8 9 ] [ 10 11 ] [ 12 13 ] [ 14 15 ]
30542 - [ 11 ] [ 12 ] [ 13 ] [ 14 ] [ 15 ] [ 16 ]
50019 - [ 10 ] [ 11 ] [ 12 ] [ 13 ] [ 14 ] [ 15 ]
19441 - [ 16 17 ] [ 18 19 ] [ 0 1 ] [ 2 3 ] [ 4 5 ] [ 6 7 ]
63682 - [ 0 1 2 3 ] [ 4 5 6 7 ]
57875 - [ 8 ] [ 9 ] [ 10 ] [ 11 ] [ 12 ] [ 13 ]
62820 - [ 1 ] [ 2 ] [ 3 ] [ 4 ] [ 5 ] [ 6 ]
35815 - [ 15 ] [ 16 ] [ 17 ] [ 18 ] [ 19 ] [ 0 ]
4985 - [ 5 ] [ 6 ] [ 7 ] [ 8 ] [ 9 ] [ 10 ]
3995 - [ 0 1 2 3 ] [ 4 5 6 7 ]
50700 - [ 19 ] [ 0 ] [ 1 ] [ 2 ] [ 3 ] [ 4 ]
53383 - [ 8 9 10 11 ] [ 12 13 14 15 ]
58288 - [ 8 9 10 11 ] [ 12 13 14 15 ]
18114 - [ 14 15 ] [ 16 17 ] [ 18 19 ] [ 0 1 ] [ 2 3 ] [ 4 5 ]
18852 - [ 8 9 ] [ 10 11 ] [ 12 13 ] [ 14 15 ] [ 16 17 ] [ 18 19 ]
43358 - [ 6 7 ] [ 8 9 ] [ 10 11 ] [ 12 13 ] [ 14 15 ] [ 16 17 ]
54563 - [ 8 9 10 11 12 13 14 15 ] [ 0 1 2 3 4 5 6 7 ]
15549 - [ 0 1 ] [ 2 3 ] [ 4 5 ] [ 6 7 ] [ 8 9 ] [ 10 11 ]
40779 - [ 8 9 10 11 12 13 14 15 ] [ 0 1 2 3 4 5 6 7 ]
6830 - [ 2 ] [ 3 ] [ 4 ] [ 5 ] [ 6 ] [ 7 ]
34386 - [ 16 ] [ 17 ] [ 18 ] [ 19 ] [ 0 ] [ 1 ]
54933 - [ 0 1 2 3 ] [ 4 5 6 7 ]
52982 - [ 16 17 ] [ 18 19 ] [ 0 1 ] [ 2 3 ] [ 4 5 ] [ 6 7 ]
33929 - [ 8 9 10 11 12 13 14 15 ] [ 0 1 2 3 4 5 6 7 ]
60521 - [ 16 17 18 19 ] [ 0 1 2 3 ]
18202 - [ 12 13 14 15 ] [ 16 17 18 19 ]
24110 - [ 0 1 2 3 ] [ 4 5 6 7 ]
57566 - [ 8 9 10 11 ] [ 12 13 14 15 ]
36115 - [ 18 19 ] [ 0 1 ] [ 2 3 ] [ 4 5 ] [ 6 7 ] [ 8 9 ]
31565 - [ 14 ] [ 15 ] [ 16 ] [ 17 ] [ 18 ] [ 19 ]
8895 - [ 0 1 2 3 4 5 6 7 ] [ 8 9 10 11 12 13 14 15 ]
59179 - [ 7 ] [ 8 ] [ 9 ] [ 10 ] [ 11 ] [ 12 ]
18463 - [ 18 ] [ 19 ] [ 0 ] [ 1 ] [ 2 ] [ 3 ]
61478 - [ 9 ] [ 10 ] [ 11 ] [ 12 ] [ 13 ] [ 14 ]
15829 - [ 0 1 2 3 ] [ 4 5 6 7 ]
22737 - [ 0 1 2 3 ] [ 4 5 6 7 ]
38098 - [ 10 11 ] [ 12 13 ] [ 14 15 ] [ 16 17 ] [ 18 19 ] [ 0 1 ]
54067 - [ 14 ] [ 15 ] [ 16 ] [ 17 ] [ 18 ] [ 19 ]
14339 - [ 11 ] [ 12 ] [ 13 ] [ 14 ] [ 15 ] [ 16 ]
59996 - [ 12 13 ] [ 14 15 ] [ 16 17 ] [ 18 19 ] [ 0 1 ] [ 2 3 ]
61561 - [ 15 ] [ 16 ] [ 17 ] [ 18 ] [ 19 ] [ 0 ]
11085 - [ 1 ] [ 2 ] [ 3 ] [ 4 ] [ 5 ] [ 6 ]
21947 - [ 10 11 ] [ 12 13 ] [ 14 15 ] [ 16 17 ] [ 18 19 ] [ 0 1 ]
55483 - [ 0 1 2 3 4 5 6 7 ] [ 8 9 10 11 12 13 14 15 ]
4147 - [ 16 17 18 19 ] [ 0 1 2 3 ]
15393 - [ 4 ] [ 5 ] [ 6 ] [ 7 ] [ 8 ] [ 9 ]
49837 - [ 16 17 18 19 ] [ 0 1 2 3 ]
6521 - [ 8 9 10 11 12 13 14 15 ] [ 0 1 2 3 4 5 6 7 ]
57939 - [ 4 5 6 7 ] [ 8 9 10 11 ]
27996 - [ 19 ] [ 0 ] [ 1 ] [ 2 ] [ 3 ] [ 4 ]
57303 - [ 0 1 ] [ 2 3 ] [ 4 5 ] [ 6 7 ] [ 8 9 ] [ 10 11 ]
48226 - [ 18 19 ] [ 0 1 ] [ 2 3 ] [ 4 5 ] [ 6 7 ] [ 8 9 ]
52723 - [ 0 1 2 3 ] [ 4 5 6 7 ]
53227 - [ 12 13 ] [ 14 15 ] [ 16 17 ] [ 18 19 ] [ 0 1 ] [ 2 3 ]
28846 - [ 13 ] [ 14 ] [ 15 ] [ 16 ] [ 17 ] [ 18 ]
58804 - [ 1 ] [ 2 ] [ 3 ] [ 4 ] [ 5 ] [ 6 ]
8791 - [ 8 9 10 11 ] [ 12 13 14 15 ]
25587 - [ 10 11 ] [ 12 13 ] [ 14 15 ] [ 16 17 ] [ 18 19 ] [ 0 1 ]
17507 - [ 18 19 ] [ 0 1 ] [ 2 3 ] [ 4 5 ] [ 6 7 ] [ 8 9 ]
62825 - [ 4 5 6 7 ] [ 8 9 10 11 ]
46747 - [ 12 13 ] [ 14 15 ] [ 16 17 ] [ 18 19 ] [ 0 1 ] [ 2 3 ]
58151 - [ 9 ] [ 10 ] [ 11 ] [ 12 ] [ 13 ] [ 14 ]
65235 - [ 2 3 ] [ 4 5 ] [ 6 7 ] [ 8 9 ] [ 10 11 ] [ 12 13 ]
63392 - [ 16 17 18 19 ] [ 0 1 2 3 ]
9137 - [ 12 ] [ 13 ] [ 14 ] [ 15 ] [ 16 ] [ 17 ]
50223 - [ 8 9 10 11 ] [ 12 13 14 15 ]
8018 - [ 0 1 ] [ 2 3 ] [ 4 5 ] [ 6 7 ] [ 8 9 ] [ 10 11 ]
20663 - [ 15 ] [ 16 ] [ 17 ] [ 18 ] [ 19 ] [ 0 ]
55284 - [ 6 7 ] [ 8 9 ] [ 10 11 ] [ 12 13 ] [ 14 15 ] [ 16 17 ]
28017 - [ 19 ] [ 0 ] [ 1 ] [ 2 ] [ 3 ] [ 4 ]
62532 - [ 0 1 2 3 4 5 6 7 ] [ 8 9 10 11 12 13 14 15 ]
25651 - [ 0 1 2 3 4 5 6 7 ] [ 8 9 10 11 12 13 14 15 ]
27521 - [ 14 ] [ 15 ] [ 16 ] [ 17 ] [ 18 ] [ 19 ]
23912 - [ 14 15 ] [ 16 17 ] [ 18 19 ] [ 0 1 ] [ 2 3 ] [ 4 5 ]
43769 - [ 0 1 ] [ 2 3 ] [ 4 5 ] [ 6 7 ] [ 8 9 ] [ 10 11 ]
34072 - [ 2 ] [ 3 ] [ 4 ] [ 5 ] [ 6 ] [ 7 ]
Subframe 6:
46704 - [ 0 1 2 3 ] [ 4 5 6 7 ]
58288 - [ 0 1 2 3 ] [ 4 5 6 7 ]
60521 - [ 4 5 6 7 ] [ 8 9 10 11 ]
48226 - [ 12 13 ] [ 14 15 ] [ 16 17 ] [ 18 19 ] [ 0 1 ] [ 2 3 ]
18978 - [ 15 ] [ 16 ] [ 17 ] [ 18 ] [ 19 ] [ 0 ]
53942 - [ 4 5 6 7 ] [ 8 9 10 11 ]
8713 - [ 0 1 2 3 4 5 6 7 ] [ 8 9 10 11 12 13 14 15 ]
43146 - [ 4 5 6 7 ] [ 8 9 10 11 ]
8791 - [ 8 9 10 11 ] [ 12 13 14 15 ]
34386 - [ 2 ] [ 3 ] [ 4 ] [ 5 ] [ 6 ] [ 7 ]
11085 - [ 3 ] [ 4 ] [ 5 ] [ 6 ] [ 7 ] [ 8 ]
37235 - [ 4 5 6 7 ] [ 8 9 10 11 ]
18852 - [ 10 11 ] [ 12 13 ] [ 14 15 ] [ 16 17 ] [ 18 19 ] [ 0 1 ]
53227 - [ 2 3 ] [ 4 5 ] [ 6 7 ] [ 8 9 ] [ 10 11 ] [ 12 13 ]
8895 - [ 0 1 2 3 4 5 6 7 ] [ 8 9 10 11 12 13 14 15 ]
36115 - [ 10 11 ] [ 12 13 ] [ 14 15 ] [ 16 17 ] [ 18 19 ] [ 0 1 ]
54067 - [ 5 ] [ 6 ] [ 7 ] [ 8 ] [ 9 ] [ 10 ]
57303 - [ 6 7 ] [ 8 9 ] [ 10 11 ] [ 12 13 ] [ 14 15 ] [ 16 17 ]
46606 - [ 8 9 10 11 ] [ 12 13 14 15 ]
15829 - [ 8 9 10 11 ] [ 12 13 14 15 ]
54933 - [ 4 5 6 7 ] [ 8 9 10 11 ]
27996 - [ 2 ] [ 3 ] [ 4 ] [ 5 ] [ 6 ] [ 7 ]
50019 - [ 13 ] [ 14 ] [ 15 ] [ 16 ] [ 17 ] [ 18 ]
31565 - [ 2 ] [ 3 ] [ 4 ] [ 5 ] [ 6 ] [ 7 ]
50662 - [ 14 ] [ 15 ] [ 16 ] [ 17 ] [ 18 ] [ 19 ]
49837 - [ 16 17 18 19 ] [ 0 1 2 3 ]
6521 - [ 8 9 10 11 12 13 14 15 ] [ 0 1 2 3 4 5 6 7 ]
54563 - [ 0 1 2 3 4 5 6 7 ] [ 8 9 10 11 12 13 14 15 ]
19441 - [ 0 1 ] [ 2 3 ] [ 4 5 ] [ 6 7 ] [ 8 9 ] [ 10 11 ]
25587 - [ 14 15 ] [ 16 17 ] [ 18 19 ] [ 0 1 ] [ 2 3 ] [ 4 5 ]
53893 - [ 2 3 ] [ 4 5 ] [ 6 7 ] [ 8 9 ] [ 10 11 ] [ 12 13 ]
25791 - [ 12 13 14 15 ] [ 16 17 18 19 ]
14339 - [ 3 ] [ 4 ] [ 5 ] [ 6 ] [ 7 ] [ 8 ]
3820 - [ 9 ] [ 10 ] [ 11 ] [ 12 ] [ 13 ] [ 14 ]
43009 - [ 10 11 ] [ 12 13 ] [ 14 15 ] [ 16 17 ] [ 18 19 ] [ 0 1 ]
9137 - [ 18 ] [ 19 ] [ 0 ] [ 1 ] [ 2 ] [ 3 ]
61561 - [ 16 ] [ 17 ] [ 18 ] [ 19 ] [ 0 ] [ 1 ]
55483 - [ 8 9 10 11 12 13 14 15 ] [ 0 1 2 3 4 5 6 7 ]
61478 - [ 9 ] [ 10 ] [ 11 ] [ 12 ] [ 13 ] [ 14 ]
23912 - [ 6 7 ] [ 8 9 ] [ 10 11 ] [ 12 13 ] [ 14 15 ] [ 16 17 ]
24110 - [ 16 17 18 19 ] [ 0 1 2 3 ]
55284 - [ 16 17 ] [ 18 19 ] [ 0 1 ] [ 2 3 ] [ 4 5 ] [ 6 7 ]
62532 - [ 8 9 10 11 12 13 14 15 ] [ 0 1 2 3 4 5 6 7 ]
43769 - [ 16 17 ] [ 18 19 ] [ 0 1 ] [ 2 3 ] [ 4 5 ] [ 6 7 ]
8018 - [ 2 3 ] [ 4 5 ] [ 6 7 ] [ 8 9 ] [ 10 11 ] [ 12 13 ]
52723 - [ 4 5 6 7 ] [ 8 9 10 11 ]
23395 - [ 16 17 18 19 ] [ 0 1 2 3 ]
57875 - [ 7 ] [ 8 ] [ 9 ] [ 10 ] [ 11 ] [ 12 ]
58690 - [ 0 1 ] [ 2 3 ] [ 4 5 ] [ 6 7 ] [ 8 9 ] [ 10 11 ]
58804 - [ 13 ] [ 14 ] [ 15 ] [ 16 ] [ 17 ] [ 18 ]
35815 - [ 18 ] [ 19 ] [ 0 ] [ 1 ] [ 2 ] [ 3 ]
20663 - [ 4 ] [ 5 ] [ 6 ] [ 7 ] [ 8 ] [ 9 ]
30542 - [ 13 ] [ 14 ] [ 15 ] [ 16 ] [ 17 ] [ 18 ]
17507 - [ 14 15 ] [ 16 17 ] [ 18 19 ] [ 0 1 ] [ 2 3 ] [ 4 5 ]
7355 - [ 8 9 10 11 ] [ 12 13 14 15 ]
42644 - [ 13 ] [ 14 ] [ 15 ] [ 16 ] [ 17 ] [ 18 ]
62825 - [ 8 9 10 11 ] [ 12 13 14 15 ]
46747 - [ 16 17 ] [ 18 19 ] [ 0 1 ] [ 2 3 ] [ 4 5 ] [ 6 7 ]
33929 - [ 0 1 2 3 4 5 6 7 ] [ 8 9 10 11 12 13 14 15 ]
22737 - [ 8 9 10 11 ] [ 12 13 14 15 ]
8329 - [ 2 3 ] [ 4 5 ] [ 6 7 ] [ 8 9 ] [ 10 11 ] [ 12 13 ]
63392 - [ 8 9 10 11 ] [ 12 13 14 15 ]
28846 - [ 8 ] [ 9 ] [ 10 ] [ 11 ] [ 12 ] [ 13 ]
18114 - [ 14 15 ] [ 16 17 ] [ 18 19 ] [ 0 1 ] [ 2 3 ] [ 4 5 ]
43358 - [ 14 15 ] [ 16 17 ] [ 18 19 ] [ 0 1 ] [ 2 3 ] [ 4 5 ]
57939 - [ 12 13 14 15 ] [ 16 17 18 19 ]
50170 - [ 1 ] [ 2 ] [ 3 ] [ 4 ] [ 5 ] [ 6 ]
53597 - [ 16 17 18 19 ] [ 0 1 2 3 ]
58671 - [ 0 1 2 3 4 5 6 7 ] [ 8 9 10 11 12 13 14 15 ]
52982 - [ 14 15 ] [ 16 17 ] [ 18 19 ] [ 0 1 ] [ 2 3 ] [ 4 5 ]
47788 - [ 2 ] [ 3 ] [ 4 ] [ 5 ] [ 6 ] [ 7 ]
58151 - [ 4 ] [ 5 ] [ 6 ] [ 7 ] [ 8 ] [ 9 ]
62820 - [ 8 ] [ 9 ] [ 10 ] [ 11 ] [ 12 ] [ 13 ]
21947 - [ 14 15 ] [ 16 17 ] [ 18 19 ] [ 0 1 ] [ 2 3 ] [ 4 5 ]
4147 - [ 16 17 18 19 ] [ 0 1 2 3 ]
62827 - [ 17 ] [ 18 ] [ 19 ] [ 0 ] [ 1 ] [ 2 ]
65235 - [ 16 17 ] [ 18 19 ] [ 0 1 ] [ 2 3 ] [ 4 5 ] [ 6 7 ]
18463 - [ 19 ] [ 0 ] [ 1 ] [ 2 ] [ 3 ] [ 4 ]
53383 - [ 12 13 14 15 ] [ 16 17 18 19 ]
28017 - [ 3 ] [ 4 ] [ 5 ] [ 6 ] [ 7 ] [ 8 ]
57566 - [ 16 17 18 19 ] [ 0 1 2 3 ]
25651 - [ 8 9 10 11 12 13 14 15 ] [ 0 1 2 3 4 5 6 7 ]
42880 - [ 16 ] [ 17 ] [ 18 ] [ 19 ] [ 0 ] [ 1 ]
50700 - [ 6 ] [ 7 ] [ 8 ] [ 9 ] [ 10 ] [ 11 ]
4985 - [ 18 ] [ 19 ] [ 0 ] [ 1 ] [ 2 ] [ 3 ]
15549 - [ 0 1 ] [ 2 3 ] [ 4 5 ] [ 6 7 ] [ 8 9 ] [ 10 11 ]
63682 - [ 16 17 18 19 ] [ 0 1 2 3 ]
15393 - [ 18 ] [ 19 ] [ 0 ] [ 1 ] [ 2 ] [ 3 ]
29893 - [ 8 9 10 11 ] [ 12 13 14 15 ]
38098 - [ 6 7 ] [ 8 9 ] [ 10 11 ] [ 12 13 ] [ 14 15 ] [ 16 17 ]
34072 - [ 13 ] [ 14 ] [ 15 ] [ 16 ] [ 17 ] [ 18 ]
27521 - [ 0 ] [ 1 ] [ 2 ] [ 3 ] [ 4 ] [ 5 ]
6830 - [ 6 ] [ 7 ] [ 8 ] [ 9 ] [ 10 ] [ 11 ]
3995 - [ 8 9 10 11 ] [ 12 13 14 15 ]
59179 - [ 17 ] [ 18 ] [ 19 ] [ 0 ] [ 1 ] [ 2 ]
8165 - [ 16 17 18 19 ] [ 0 1 2 3 ]
59996 - [ 10 11 ] [ 12 13 ] [ 14 15 ] [ 16 17 ] [ 18 19 ] [ 0 1 ]
40779 - [ 0 1 2 3 4 5 6 7 ] [ 8 9 10 11 12 13 14 15 ]
50223 - [ 16 17 18 19 ] [ 0 1 2 3 ]
18202 - [ 0 1 2 3 ] [ 4 5 6 7 ]
Subframe 7:
57303 - [ 8 9 ] [ 10 11 ] [ 12 13 ] [ 14 15 ] [ 16 17 ] [ 18 19 ]
38098 - [ 4 5 ] [ 6 7 ] [ 8 9 ] [ 10 11 ] [ 12 13 ] [ 14 15 ]
55483 - [ 0 1 2 3 4 5 6 7 ] [ 8 9 10 11 12 13 14 15 ]
50662 - [ 16 ] [ 17 ] [ 18 ] [ 19 ] [ 0 ] [ 1 ]
8791 - [ 8 9 10 11 ] [ 12 13 14 15 ]
3820 - [ 18 ] [ 19 ] [ 0 ] [ 1 ] [ 2 ] [ 3 ]
62827 - [ 7 ] [ 8 ] [ 9 ] [ 10 ] [ 11 ] [ 12 ]
8018 - [ 8 9 ] [ 10 11 ] [ 12 13 ] [ 14 15 ] [ 16 17 ] [ 18 19 ]
7355 - [ 16 17 18 19 ] [ 0 1 2 3 ]
58804 - [ 2 ] [ 3 ] [ 4 ] [ 5 ] [ 6 ] [ 7 ]
9137 - [ 11 ] [ 12 ] [ 13 ] [ 14 ] [ 15 ] [ 16 ]
34386 - [ 7 ] [ 8 ] [ 9 ] [ 10 ] [ 11 ] [ 12 ]
47788 - [ 2 ] [ 3 ] [ 4 ] [ 5 ] [ 6 ] [ 7 ]
40779 - [ 0 1 2 3 4 5 6 7 ] [ 8 9 10 11 12 13 14 15 ]
55284 - [ 0 1 ] [ 2 3 ] [ 4 5 ] [ 6 7 ] [ 8 9 ] [ 10 11 ]
11085 - [ 17 ] [ 18 ] [ 19 ] [ 0 ] [ 1 ] [ 2 ]
59996 - [ 4 5 ] [ 6 7 ] [ 8 9 ] [ 10 11 ] [ 12 13 ] [ 14 15 ]
58690 - [ 16 17 ] [ 18 19 ] [ 0 1 ] [ 2 3 ] [ 4 5 ] [ 6 7 ]
48226 - [ 2 3 ] [ 4 5 ] [ 6 7 ] [ 8 9 ] [ 10 11 ] [ 12 13 ]
54563 - [ 8 9 10 11 12 13 14 15 ] [ 0 1 2 3 4 5 6 7 ]
35815 - [ 14 ] [ 15 ] [ 16 ] [ 17 ] [ 18 ] [ 19 ]
17507 - [ 4 5 ] [ 6 7 ] [ 8 9 ] [ 10 11 ] [ 12 13 ] [ 14 15 ]
8713 - [ 8 9 10 11 12 13 14 15 ] [ 0 1 2 3 4 5 6 7 ]
3995 - [ 4 5 6 7 ] [ 8 9 10 11 ]
23912 - [ 4 5 ] [ 6 7 ] [ 8 9 ] [ 10 11 ] [ 12 13 ] [ 14 15 ]
36115 - [ 0 1 ] [ 2 3 ] [ 4 5 ] [ 6 7 ] [ 8 9 ] [ 10 11 ]
15829 - [ 12 13 14 15 ] [ 16 17 18 19 ]
23395 - [ 0 1 2 3 ] [ 4 5 6 7 ]
8895 - [ 0 1 2 3 4 5 6 7 ] [ 8 9 10 11 12 13 14 15 ]
59179 - [ 16 ] [ 17 ] [ 18 ] [ 19 ] [ 0 ] [ 1 ]
46704 - [ 12 13 14 15 ] [ 16 17 18 19 ]
27996 - [ 14 ] [ 15 ] [ 16 ] [ 17 ] [ 18 ] [ 19 ]
28017 - [ 19 ] [ 0 ] [ 1 ] [ 2 ] [ 3 ] [ 4 ]
53893 - [ 6 7 ] [ 8 9 ] [ 10 11 ] [ 12 13 ] [ 14 15 ] [ 16 17 ]
4147 - [ 8 9 10 11 ] [ 12 13 14 15 ]
33929 - [ 8 9 10 11 12 13 14 15 ] [ 0 1 2 3 4 5 6 7 ]
18202 - [ 4 5 6 7 ] [ 8 9 10 11 ]
25791 - [ 12 13 14 15 ] [ 16 17 18 19 ]
24110 - [ 0 1 2 3 ] [ 4 5 6 7 ]
18852 - [ 18 19 ] [ 0 1 ] [ 2 3 ] [ 4 5 ] [ 6 7 ] [ 8 9 ]
28846 - [ 8 ] [ 9 ] [ 10 ] [ 11 ] [ 12 ] [ 13 ]
20663 - [ 1 ] [ 2 ] [ 3 ] [ 4 ] [ 5 ] [ 6 ]
37235 - [ 4 5 6 7 ] [ 8 9 10 11 ]
60521 - [ 16 17 18 19 ] [ 0 1 2 3 ]
49837 - [ 0 1 2 3 ] [ 4 5 6 7 ]
27521 - [ 17 ] [ 18 ] [ 19 ] [ 0 ] [ 1 ] [ 2 ]
25651 - [ 8 9 10 11 12 13 14 15 ] [ 0 1 2 3 4 5 6 7 ]
6521 - [ 0 1 2 3 4 5 6 7 ] [ 8 9 10 11 12 13 14 15 ]
46747 - [ 8 9 ] [ 10 11 ] [ 12 13 ] [ 14 15 ] [ 16 17 ] [ 18 19 ]
29893 - [ 16 17 18 19 ] [ 0 1 2 3 ]
18114 - [ 2 3 ] [ 4 5 ] [ 6 7 ] [ 8 9 ] [ 10 11 ] [ 12 13 ]
43009 - [ 16 17 ] [ 18 19 ] [ 0 1 ] [ 2 3 ] [ 4 5 ] [ 6 7 ]
50223 - [ 4 5 6 7 ] [ 8 9 10 11 ]
58151 - [ 10 ] [ 11 ] [ 12 ] [ 13 ] [ 14 ] [ 15 ]
30542 - [ 3 ] [ 4 ] [ 5 ] [ 6 ] [ 7 ] [ 8 ]
52982 - [ 10 11 ] [ 12 13 ] [ 14 15 ] [ 16 17 ] [ 18 19 ] [ 0 1 ]
50170 - [ 4 ] [ 5 ] [ 6 ] [ 7 ] [ 8 ] [ 9 ]
54067 - [ 5 ] [ 6 ] [ 7 ] [ 8 ] [ 9 ] [ 10 ]
62532 - [ 0 1 2 3 4 5 6 7 ] [ 8 9 10 11 12 13 14 15 ]
43146 - [ 16 17 18 19 ] [ 0 1 2 3 ]
8165 - [ 12 13 14 15 ] [ 16 17 18 19 ]
8329 - [ 14 15 ] [ 16 17 ] [ 18 19 ] [ 0 1 ] [ 2 3 ] [ 4 5 ]
31565 - [ 10 ] [ 11 ] [ 12 ] [ 13 ] [ 14 ] [ 15 ]
63392 - [ 16 17 18 19 ] [ 0 1 2 3 ]
42880 - [ 7 ] [ 8 ] [ 9 ] [ 10 ] [ 11 ] [ 12 ]
63682 - [ 0 1 2 3 ] [ 4 5 6 7 ]
43358 - [ 2 3 ] [ 4 5 ] [ 6 7 ] [ 8 9 ] [ 10 11 ] [ 12 13 ]
58288 - [ 16 17 18 19 ] [ 0 1 2 3 ]
61478 - [ 10 ] [ 11 ] [ 12 ] [ 13 ] [ 14 ] [ 15 ]
62820 - [ 13 ] [ 14 ] [ 15 ] [ 16 ] [ 17 ] [ 18 ]
21947 - [ 2 3 ] [ 4 5 ] [ 6 7 ] [ 8 9 ] [ 10 11 ] [ 12 13 ]
15549 - [ 10 11 ] [ 12 13 ] [ 14 15 ] [ 16 17 ] [ 18 19 ] [ 0 1 ]
50019 - [ 2 ] [ 3 ] [ 4 ] [ 5 ] [ 6 ] [ 7 ]
22737 - [ 16 17 18 19 ] [ 0 1 2 3 ]
43769 - [ 14 15 ] [ 16 17 ] [ 18 19 ] [ 0 1 ] [ 2 3 ] [ 4 5 ]
50700 - [ 13 ] [ 14 ] [ 15 ] [ 16 ] [ 17 ] [ 18 ]
15393 - [ 14 ] [ 15 ] [ 16 ] [ 17 ] [ 18 ] [ 19 ]
46606 - [ 0 1 2 3 ] [ 4 5 6 7 ]
34072 - [ 10 ] [ 11 ] [ 12 ] [ 13 ] [ 14 ] [ 15 ]
19441 - [ 14 15 ] [ 16 17 ] [ 18 19 ] [ 0 1 ] [ 2 3 ] [ 4 5 ]
18463 - [ 4 ] [ 5 ] [ 6 ] [ 7 ] [ 8 ] [ 9 ]
14339 - [ 7 ] [ 8 ] [ 9 ] [ 10 ] [ 11 ] [ 12 ]
65235 - [ 12 13 ] [ 14 15 ] [ 16 17 ] [ 18 19 ] [ 0 1 ] [ 2 3 ]
52723 - [ 8 9 10 11 ] [ 12 13 14 15 ]
53942 - [ 8 9 10 11 ] [ 12 13 14 15 ]
25587 - [ 4 5 ] [ 6 7 ] [ 8 9 ] [ 10 11 ] [ 12 13 ] [ 14 15 ]
53597 - [ 8 9 10 11 ] [ 12 13 14 15 ]
42644 - [ 2 ] [ 3 ] [ 4 ] [ 5 ] [ 6 ] [ 7 ]
62825 - [ 8 9 10 11 ] [ 12 13 14 15 ]
4985 - [ 15 ] [ 16 ] [ 17 ] [ 18 ] [ 19 ] [ 0 ]
57566 - [ 8 9 10 11 ] [ 12 13 14 15 ]
61561 - [ 18 ] [ 19 ] [ 0 ] [ 1 ] [ 2 ] [ 3 ]
57939 - [ 4 5 6 7 ] [ 8 9 10 11 ]
53227 - [ 4 5 ] [ 6 7 ] [ 8 9 ] [ 10 11 ] [ 12 13 ] [ 14 15 ]
18978 - [ 13 ] [ 14 ] [ 15 ] [ 16 ] [ 17 ] [ 18 ]
58671 - [ 8 9 10 11 12 13 14 15 ] [ 0 1 2 3 4 5 6 7 ]
57875 - [ 10 ] [ 11 ] [ 12 ] [ 13 ] [ 14 ] [ 15 ]
6830 - [ 14 ] [ 15 ] [ 16 ] [ 17 ] [ 18 ] [ 19 ]
54933 - [ 0 1 2 3 ] [ 4 5 6 7 ]
53383 - [ 12 13 14 15 ] [ 16 17 18 19 ]
Subframe 8:
40779 - [ 0 1 2 3 4 5 6 7 ] [ 8 9 10 11 12 13 14 15 ]
58690 - [ 4 5 ] [ 6 7 ] [ 8 9 ] [ 10 11 ] [ 12 13 ] [ 14 15 ]
17507 - [ 2 3 ] [ 4 5 ] [ 6 7 ] [ 8 9 ] [ 10 11 ] [ 12 13 ]
60521 - [ 12 13 14 15 ] [ 16 17 18 19 ]
50019 - [ 13 ] [ 14 ] [ 15 ] [ 16 ] [ 17 ] [ 18 ]
4147 - [ 16 17 18 19 ] [ 0 1 2 3 ]
53597 - [ 4 5 6 7 ] [ 8 9 10 11 ]
9137 - [ 16 ] [ 17 ] [ 18 ] [ 19 ] [ 0 ] [ 1 ]
58288 - [ 16 17 18 19 ] [ 0 1 2 3 ]
62532 - [ 0 1 2 3 4 5 6 7 ] [ 8 9 10 11 12 13 14 15 ]
31565 - [ 10 ] [ 11 ] [ 12 ] [ 13 ] [ 14 ] [ 15 ]
43769 - [ 16 17 ] [ 18 19 ] [ 0 1 ] [ 2 3 ] [ 4 5 ] [ 6 7 ]
46747 - [ 2 3 ] [ 4 5 ] [ 6 7 ] [ 8 9 ] [ 10 11 ] [ 12 13 ]
6830 - [ 13 ] [ 14 ] [ 15 ] [ 16 ] [ 17 ] [ 18 ]
4985 - [ 7 ] [ 8 ] [ 9 ] [ 10 ] [ 11 ] [ 12 ]
62820 - [ 14 ] [ 15 ] [ 16 ] [ 17 ] [ 18 ] [ 19 ]
50170 - [ 6 ] [ 7 ] [ 8 ] [ 9 ] [ 10 ] [ 11 ]
52982 - [ 2 3 ] [ 4 5 ] [ 6 7 ] [ 8 9 ] [ 10 11 ] [ 12 13 ]
34072 - [ 1 ] [ 2 ] [ 3 ] [ 4 ] [ 5 ] [ 6 ]
22737 - [ 0 1 2 3 ] [ 4 5 6 7 ]
15829 - [ 12 13 14 15 ] [ 16 17 18 19 ]
48226 - [ 2 3 ] [ 4 5 ] [ 6 7 ] [ 8 9 ] [ 10 11 ] [ 12 13 ]
37235 - [ 16 17 18 19 ] [ 0 1 2 3 ]
47788 - [ 4 ] [ 5 ] [ 6 ] [ 7 ] [ 8 ] [ 9 ]
36115 - [ 4 5 ] [ 6 7 ] [ 8 9 ] [ 10 11 ] [ 12 13 ] [ 14 15 ]
61478 - [ 17 ] [ 18 ] [ 19 ] [ 0 ] [ 1 ] [ 2 ]
23912 - [ 18 19 ] [ 0 1 ] [ 2 3 ] [ 4 5 ] [ 6 7 ] [ 8 9 ]
3995 - [ 4 5 6 7 ] [ 8 9 10 11 ]
57875 - [ 4 ] [ 5 ] [ 6 ] [ 7 ] [ 8 ] [ 9 ]
46704 - [ 16 17 18 19 ] [ 0 1 2 3 ]
53942 - [ 8 9 10 11 ] [ 12 13 14 15 ]
35815 - [ 3 ] [ 4 ] [ 5 ] [ 6 ] [ 7 ] [ 8 ]
27996 - [ 4 ] [ 5 ] [ 6 ] [ 7 ] [ 8 ] [ 9 ]
55284 - [ 18 19 ] [ 0 1 ] [ 2 3 ] [ 4 5 ] [ 6 7 ] [ 8 9 ]
8329 - [ 6 7 ] [ 8 9 ] [ 10 11 ] [ 12 13 ] [ 14 15 ] [ 16 17 ]
19441 - [ 12 13 ] [ 14 15 ] [ 16 17 ] [ 18 19 ] [ 0 1 ] [ 2 3 ]
7355 - [ 16 17 18 19 ] [ 0 1 2 3 ]
11085 - [ 1 ] [ 2 ] [ 3 ] [ 4 ] [ 5 ] [ 6 ]
43009 - [ 4 5 ] [ 6 7 ] [ 8 9 ] [ 10 11 ] [ 12 13 ] [ 14 15 ]
63682 - [ 16 17 18 19 ] [ 0 1 2 3 ]
18463 - [ 15 ] [ 16 ] [ 17 ] [ 18 ] [ 19 ] [ 0 ]
25651 - [ 0 1 2 3 4 5 6 7 ] [ 8 9 10 11 12 13 14 15 ]
18114 - [ 8 9 ] [ 10 11 ] [ 12 13 ] [ 14 15 ] [ 16 17 ] [ 18 19 ]
50662 - [ 13 ] [ 14 ] [ 15 ] [ 16 ] [ 17 ] [ 18 ]
53893 - [ 0 1 ] [ 2 3 ] [ 4 5 ] [ 6 7 ] [ 8 9 ] [ 10 11 ]
53383 - [ 4 5 6 7 ] [ 8 9 10 11 ]
57566 - [ 0 1 2 3 ] [ 4 5 6 7 ]
62827 - [ 19 ] [ 0 ] [ 1 ] [ 2 ] [ 3 ] [ 4 ]
54563 - [ 8 9 10 11 12 13 14 15 ] [ 0 1 2 3 4 5 6 7 ]
3820 - [ 13 ] [ 14 ] [ 15 ] [ 16 ] [ 17 ] [ 18 ]
43358 - [ 6 7 ] [ 8 9 ] [ 10 11 ] [ 12 13 ] [ 14 15 ] [ 16 17 ]
58671 - [ 8 9 10 11 12 13 14 15 ] [ 0 1 2 3 4 5 6 7 ]
33929 - [ 8 9 10 11 12 13 14 15 ] [ 0 1 2 3 4 5 6 7 ]
34386 - [ 7 ] [ 8 ] [ 9 ] [ 10 ] [ 11 ] [ 12 ]
28846 - [ 14 ] [ 15 ] [ 16 ] [ 17 ] [ 18 ] [ 19 ]
18978 - [ 4 ] [ 5 ] [ 6 ] [ 7 ] [ 8 ] [ 9 ]
24110 - [ 16 17 18 19 ] [ 0 1 2 3 ]
54933 - [ 12 13 14 15 ] [ 16 17 18 19 ]
8895 - [ 0 1 2 3 4 5 6 7 ] [ 8 9 10 11 12 13 14 15 ]
52723 - [ 16 17 18 19 ] [ 0 1 2 3 ]
14339 - [ 3 ] [ 4 ] [ 5 ] [ 6 ] [ 7 ] [ 8 ]
29893 - [ 8 9 10 11 ] [ 12 13 14 15 ]
28017 - [ 19 ] [ 0 ] [ 1 ] [ 2 ] [ 3 ] [ 4 ]
18852 - [ 6 7 ] [ 8 9 ] [ 10 11 ] [ 12 13 ] [ 14 15 ] [ 16 17 ]
8791 - [ 0 1 2 3 ] [ 4 5 6 7 ]
38098 - [ 18 19 ] [ 0 1 ] [ 2 3 ] [ 4 5 ] [ 6 7 ] [ 8 9 ]
23395 - [ 0 1 2 3 ] [ 4 5 6 7 ]
30542 - [ 17 ] [ 18 ] [ 19 ] [ 0 ] [ 1 ] [ 2 ]
25587 - [ 14 15 ] [ 16 17 ] [ 18 19 ] [ 0 1 ] [ 2 3 ] [ 4 5 ]
58151 - [ 3 ] [ 4 ] [ 5 ] [ 6 ] [ 7 ] [ 8 ]
21947 - [ 4 5 ] [ 6 7 ] [ 8 9 ] [ 10 11 ] [ 12 13 ] [ 14 15 ]
59179 - [ 11 ] [ 12 ] [ 13 ] [ 14 ] [ 15 ] [ 16 ]
42644 - [ 1 ] [ 2 ] [ 3 ] [ 4 ] [ 5 ] [ 6 ]
57303 - [ 6 7 ] [ 8 9 ] [ 10 11 ] [ 12 13 ] [ 14 15 ] [ 16 17 ]
63392 - [ 8 9 10 11 ] [ 12 13 14 15 ]
57939 - [ 12 13 14 15 ] [ 16 17 18 19 ]
59996 - [ 18 19 ] [ 0 1 ] [ 2 3 ] [ 4 5 ] [ 6 7 ] [ 8 9 ]
65235 - [ 2 3 ] [ 4 5 ] [ 6 7 ] [ 8 9 ] [ 10 11 ] [ 12 13 ]
58804 - [ 13 ] [ 14 ] [ 15 ] [ 16 ] [ 17 ] [ 18 ]
43146 - [ 12 13 14 15 ] [ 16 17 18 19 ]
62825 - [ 16 17 18 19 ] [ 0 1 2 3 ]
8018 - [ 18 19 ] [ 0 1 ] [ 2 3 ] [ 4 5 ] [ 6 7 ] [ 8 9 ]
15549 - [ 18 19 ] [ 0 1 ] [ 2 3 ] [ 4 5 ] [ 6 7 ] [ 8 9 ]
46606 - [ 0 1 2 3 ] [ 4 5 6 7 ]
42880 - [ 6 ] [ 7 ] [ 8 ] [ 9 ] [ 10 ] [ 11 ]
25791 - [ 8 9 10 11 ] [ 12 13 14 15 ]
27521 - [ 12 ] [ 13 ] [ 14 ] [ 15 ] [ 16 ] [ 17 ]
8165 - [ 0 1 2 3 ] [ 4 5 6 7 ]
54067 - [ 8 ] [ 9 ] [ 10 ] [ 11 ] [ 12 ] [ 13 ]
53227 - [ 16 17 ] [ 18 19 ] [ 0 1 ] [ 2 3 ] [ 4 5 ] [ 6 7 ]
61561 - [ 16 ] [ 17 ] [ 18 ] [ 19 ] [ 0 ] [ 1 ]
20663 - [ 2 ] [ 3 ] [ 4 ] [ 5 ] [ 6 ] [ 7 ]
50223 - [ 12 13 14 15 ] [ 16 17 18 19 ]
49837 - [ 0 1 2 3 ] [ 4 5 6 7 ]
55483 - [ 8 9 10 11 12 13 14 15 ] [ 0 1 2 3 4 5 6 7 ]
6521 - [ 8 9 10 11 12 13 14 15 ] [ 0 1 2 3 4 5 6 7 ]
8713 - [ 0 1 2 3 4 5 6 7 ] [ 8 9 10 11 12 13 14 15 ]
50700 - [ 0 ] [ 1 ] [ 2 ] [ 3 ] [ 4 ] [ 5 ]
15393 - [ 18 ] [ 19 ] [ 0 ] [ 1 ] [ 2 ] [ 3 ]
18202 - [ 12 13 14 15 ] [ 16 17 18 19 ]
Subframe 9:
59179 - [ 9 ] [ 10 ] [ 11 ] [ 12 ] [ 13 ] [ 14 ]
50019 - [ 17 ] [ 18 ] [ 19 ] [ 0 ] [ 1 ] [ 2 ]
61561 - [ 9 ] [ 10 ] [ 11 ] [ 12 ] [ 13 ] [ 14 ]
61478 - [ 14 ] [ 15 ] [ 16 ] [ 17 ] [ 18 ] [ 19 ]
52982 - [ 10 11 ] [ 12 13 ] [ 14 15 ] [ 16 17 ] [ 18 19 ] [ 0 1 ]
21947 - [ 18 19 ] [ 0 1 ] [ 2 3 ] [ 4 5 ] [ 6 7 ] [ 8 9 ]
20663 - [ 15 ] [ 16 ] [ 17 ] [ 18 ] [ 19 ] [ 0 ]
43769 - [ 4 5 ] [ 6 7 ] [ 8 9 ] [ 10 11 ] [ 12 13 ] [ 14 15 ]
18202 - [ 16 17 18 19 ] [ 0 1 2 3 ]
34072 - [ 14 ] [ 15 ] [ 16 ] [ 17 ] [ 18 ] [ 19 ]
42644 - [ 7 ] [ 8 ] [ 9 ] [ 10 ] [ 11 ] [ 12 ]
65235 - [ 2 3 ] [ 4 5 ] [ 6 7 ] [ 8 9 ] [ 10 11 ] [ 12 13 ]
7355 - [ 0 1 2 3 ] [ 4 5 6 7 ]
47788 - [ 15 ] [ 16 ] [ 17 ] [ 18 ] [ 19 ] [ 0 ]
38098 - [ 2 3 ] [ 4 5 ] [ 6 7 ] [ 8 9 ] [ 10 11 ] [ 12 13 ]
37235 - [ 8 9 10 11 ] [ 12 13 14 15 ]
53893 - [ 4 5 ] [ 6 7 ] [ 8 9 ] [ 10 11 ] [ 12 13 ] [ 14 15 ]
53383 - [ 0 1 2 3 ] [ 4 5 6 7 ]
14339 - [ 7 ] [ 8 ] [ 9 ] [ 10 ] [ 11 ] [ 12 ]
53227 - [ 2 3 ] [ 4 5 ] [ 6 7 ] [ 8 9 ] [ 10 11 ] [ 12 13 ]
18114 - [ 16 17 ] [ 18 19 ] [ 0 1 ] [ 2 3 ] [ 4 5 ] [ 6 7 ]
52723 - [ 4 5 6 7 ] [ 8 9 10 11 ]
25791 - [ 0 1 2 3 ] [ 4 5 6 7 ]
9137 - [ 19 ] [ 0 ] [ 1 ] [ 2 ] [ 3 ] [ 4 ]
55284 - [ 10 11 ] [ 12 13 ] [ 14 15 ] [ 16 17 ] [ 18 19 ] [ 0 1 ]
57566 - [ 0 1 2 3 ] [ 4 5 6 7 ]
55483 - [ 8 9 10 11 12 13 14 15 ] [ 0 1 2 3 4 5 6 7 ]
29893 - [ 12 13 14 15 ] [ 16 17 18 19 ]
50170 - [ 18 ] [ 19 ] [ 0 ] [ 1 ] [ 2 ] [ 3 ]
33929 - [ 0 1 2 3 4 5 6 7 ] [ 8 9 10 11 12 13 14 15 ]
18978 - [ 11 ] [ 12 ] [ 13 ] [ 14 ] [ 15 ] [ 16 ]
57303 - [ 14 15 ] [ 16 17 ] [ 18 19 ] [ 0 1 ] [ 2 3 ] [ 4 5 ]
58804 - [ 4 ] [ 5 ] [ 6 ] [ 7 ] [ 8 ] [ 9 ]
22737 - [ 16 17 18 19 ] [ 0 1 2 3 ]
43358 - [ 12 13 ] [ 14 15 ] [ 16 17 ] [ 18 19 ] [ 0 1 ] [ 2 3 ]
54933 - [ 16 17 18 19 ] [ 0 1 2 3 ]
46606 - [ 8 9 10 11 ] [ 12 13 14 15 ]
28846 - [ 15 ] [ 16 ] [ 17 ] [ 18 ] [ 19 ] [ 0 ]
3820 - [ 4 ] [ 5 ] [ 6 ] [ 7 ] [ 8 ] [ 9 ]
62820 - [ 2 ] [ 3 ] [ 4 ] [ 5 ] [ 6 ] [ 7 ]
57875 - [ 0 ] [ 1 ] [ 2 ] [ 3 ] [ 4 ] [ 5 ]
27996 - [ 7 ] [ 8 ] [ 9 ] [ 10 ] [ 11 ] [ 12 ]
58288 - [ 8 9 10 11 ] [ 12 13 14 15 ]
28017 - [ 6 ] [ 7 ] [ 8 ] [ 9 ] [ 10 ] [ 11 ]
19441 - [ 14 15 ] [ 16 17 ] [ 18 19 ] [ 0 1 ] [ 2 3 ] [ 4 5 ]
15829 - [ 4 5 6 7 ] [ 8 9 10 11 ]
42880 - [ 8 ] [ 9 ] [ 10 ] [ 11 ] [ 12 ] [ 13 ]
49837 - [ 4 5 6 7 ] [ 8 9 10 11 ]
40779 - [ 8 9 10 11 12 13 14 15 ] [ 0 1 2 3 4 5 6 7 ]
34386 - [ 10 ] [ 11 ] [ 12 ] [ 13 ] [ 14 ] [ 15 ]
8165 - [ 12 13 14 15 ] [ 16 17 18 19 ]
17507 - [ 16 17 ] [ 18 19 ] [ 0 1 ] [ 2 3 ] [ 4 5 ] [ 6 7 ]
54563 - [ 0 1 2 3 4 5 6 7 ] [ 8 9 10 11 12 13 14 15 ]
11085 - [ 13 ] [ 14 ] [ 15 ] [ 16 ] [ 17 ] [ 18 ]
8895 - [ 0 1 2 3 4 5 6 7 ] [ 8 9 10 11 12 13 14 15 ]
60521 - [ 8 9 10 11 ] [ 12 13 14 15 ]
25651 - [ 0 1 2 3 4 5 6 7 ] [ 8 9 10 11 12 13 14 15 ]
58151 - [ 14 ] [ 15 ] [ 16 ] [ 17 ] [ 18 ] [ 19 ]
58690 - [ 2 3 ] [ 4 5 ] [ 6 7 ] [ 8 9 ] [ 10 11 ] [ 12 13 ]
57939 - [ 16 17 18 19 ] [ 0 1 2 3 ]
6521 - [ 0 1 2 3 4 5 6 7 ] [ 8 9 10 11 12 13 14 15 ]
43146 - [ 4 5 6 7 ] [ 8 9 10 11 ]
31565 - [ 18 ] [ 19 ] [ 0 ] [ 1 ] [ 2 ] [ 3 ]
23395 - [ 8 9 10 11 ] [ 12 13 14 15 ]
54067 - [ 10 ] [ 11 ] [ 12 ] [ 13 ] [ 14 ] [ 15 ]
6830 - [ 16 ] [ 17 ] [ 18 ] [ 19 ] [ 0 ] [ 1 ]
4147 - [ 4 5 6 7 ] [ 8 9 10 11 ]
8018 - [ 2 3 ] [ 4 5 ] [ 6 7 ] [ 8 9 ] [ 10 11 ] [ 12 13 ]
27521 - [ 4 ] [ 5 ] [ 6 ] [ 7 ] [ 8 ] [ 9 ]
43009 - [ 6 7 ] [ 8 9 ] [ 10 11 ] [ 12 13 ] [ 14 15 ] [ 16 17 ]
36115 - [ 0 1 ] [ 2 3 ] [ 4 5 ] [ 6 7 ] [ 8 9 ] [ 10 11 ]
53942 - [ 16 17 18 19 ] [ 0 1 2 3 ]
62827 - [ 16 ] [ 17 ] [ 18 ] [ 19 ] [ 0 ] [ 1 ]
8329 - [ 4 5 ] [ 6 7 ] [ 8 9 ] [ 10 11 ] [ 12 13 ] [ 14 15 ]
18463 - [ 1 ] [ 2 ] [ 3 ] [ 4 ] [ 5 ] [ 6 ]
50223 - [ 16 17 18 19 ] [ 0 1 2 3 ]
53597 - [ 12 13 14 15 ] [ 16 17 18 19 ]
59996 - [ 16 17 ] [ 18 19 ] [ 0 1 ] [ 2 3 ] [ 4 5 ] [ 6 7 ]
24110 - [ 0 1 2 3 ] [ 4 5 6 7 ]
8791 - [ 4 5 6 7 ] [ 8 9 10 11 ]
62825 - [ 12 13 14 15 ] [ 16 17 18 19 ]
15549 - [ 16 17 ] [ 18 19 ] [ 0 1 ] [ 2 3 ] [ 4 5 ] [ 6 7 ]
15393 - [ 4 ] [ 5 ] [ 6 ] [ 7 ] [ 8 ] [ 9 ]
46747 - [ 18 19 ] [ 0 1 ] [ 2 3 ] [ 4 5 ] [ 6 7 ] [ 8 9 ]
63682 - [ 8 9 10 11 ] [ 12 13 14 15 ]
46704 - [ 16 17 18 19 ] [ 0 1 2 3 ]
50662 - [ 18 ] [ 19 ] [ 0 ] [ 1 ] [ 2 ] [ 3 ]
63392 - [ 0 1 2 3 ] [ 4 5 6 7 ]
8713 - [ 0 1 2 3 4 5 6 7 ] [ 8 9 10 11 12 13 14 15 ]
50700 - [ 0 ] [ 1 ] [ 2 ] [ 3 ] [ 4 ] [ 5 ]
48226 - [ 0 1 ] [ 2 3 ] [ 4 5 ] [ 6 7 ] [ 8 9 ] [ 10 11 ]
18852 - [ 2 3 ] [ 4 5 ] [ 6 7 ] [ 8 9 ] [ 10 11 ] [ 12 13 ]
35815 - [ 12 ] [ 13 ] [ 14 ] [ 15 ] [ 16 ] [ 17 ]
62532 - [ 8 9 10 11 12 13 14 15 ] [ 0 1 2 3 4 5 6 7 ]
58671 - [ 0 1 2 3 4 5 6 7 ] [ 8 9 10 11 12 13 14 15 ]
25587 - [ 16 17 ] [ 18 19 ] [ 0 1 ] [ 2 3 ] [ 4 5 ] [ 6 7 ]
30542 - [ 9 ] [ 10 ] [ 11 ] [ 12 ] [ 13 ] [ 14 ]
23912 - [ 6 7 ] [ 8 9 ] [ 10 11 ] [ 12 13 ] [ 14 15 ] [ 16 17 ]
3995 - [ 16 17 18 19 ] [ 0 1 2 3 ]
4985 - [ 12 ] [ 13 ] [ 14 ] [ 15 ] [ 16 ] [ 17 ]
