Subframe 0:
4147 - [ 36 37 38 39 ] [ 0 1 2 3 ]
15549 - [ 20 21 ] [ 22 23 ] [ 24 25 ] [ 26 27 ] [ 28 29 ] [ 30 31 ]
15393 - [ 33 ] [ 34 ] [ 35 ] [ 36 ] [ 37 ] [ 38 ]
31565 - [ 1 ] [ 2 ] [ 3 ] [ 4 ] [ 5 ] [ 6 ]
25791 - [ 24 25 26 27 ] [ 28 29 30 31 ]
63682 - [ 4 5 6 7 ] [ 8 9 10 11 ]
65235 - [ 28 29 ] [ 30 31 ] [ 32 33 ] [ 34 35 ] [ 36 37 ] [ 38 39 ]
57303 - [ 20 21 ] [ 22 23 ] [ 24 25 ] [ 26 27 ] [ 28 29 ] [ 30 31 ]
8018 - [ 4 5 ] [ 6 7 ] [ 8 9 ] [ 10 11 ] [ 12 13 ] [ 14 15 ]
33929 - [ 16 17 18 19 20 21 22 23 ] [ 24 25 26 27 28 29 30 31 ]
55483 - [ 16 17 18 19 20 21 22 23 ] [ 24 25 26 27 28 29 30 31 ]
55284 - [ 32 33 ] [ 34 35 ] [ 36 37 ] [ 38 39 ] [ 0 1 ] [ 2 3 ]
50170 - [ 14 ] [ 15 ] [ 16 ] [ 17 ] [ 18 ] [ 19 ]
53383 - [ 4 5 6 7 ] [ 8 9 10 11 ]
4985 - [ 22 ] [ 23 ] [ 24 ] [ 25 ] [ 26 ] [ 27 ]
43358 - [ 20 21 ] [ 22 23 ] [ 24 25 ] [ 26 27 ] [ 28 29 ] [ 30 31 ]
54067 - [ 17 ] [ 18 ] [ 19 ] [ 20 ] [ 21 ] [ 22 ]
34386 - [ 30 ] [ 31 ] [ 32 ] [ 33 ] [ 34 ] [ 35 ]
58690 - [ 16 17 ] [ 18 19 ] [ 20 21 ] [ 22 23 ] [ 24 25 ] [ 26 27 ]
54933 - [ 28 29 30 31 ] [ 32 33 34 35 ]
59179 - [ 22 ] [ 23 ] [ 24 ] [ 25 ] [ 26 ] [ 27 ]
3820 - [ 3 ] [ 4 ] [ 5 ] [ 6 ] [ 7 ] [ 8 ]
18114 - [ 38 39 ] [ 0 1 ] [ 2 3 ] [ 4 5 ] [ 6 7 ] [ 8 9 ]
59996 - [ 18 19 ] [ 20 21 ] [ 22 23 ] [ 24 25 ] [ 26 27 ] [ 28 29 ]
8329 - [ 12 13 ] [ 14 15 ] [ 16 17 ] [ 18 19 ] [ 20 21 ] [ 22 23 ]
6830 - [ 20 ] [ 21 ] [ 22 ] [ 23 ] [ 24 ] [ 25 ]
61478 - [ 26 ] [ 27 ] [ 28 ] [ 29 ] [ 30 ] [ 31 ]
47788 - [ 36 ] [ 37 ] [ 38 ] [ 39 ] [ 0 ] [ 1 ]
62825 - [ 36 37 38 39 ] [ 0 1 2 3 ]
21947 - [ 0 1 ] [ 2 3 ] [ 4 5 ] [ 6 7 ] [ 8 9 ] [ 10 11 ]
9137 - [ 35 ] [ 36 ] [ 37 ] [ 38 ] [ 39 ] [ 0 ]
46704 - [ 16 17 18 19 ] [ 20 21 22 23 ]
28846 - [ 9 ] [ 10 ] [ 11 ] [ 12 ] [ 13 ] [ 14 ]
28017 - [ 17 ] [ 18 ] [ 19 ] [ 20 ] [ 21 ] [ 22 ]
8165 - [ 32 33 34 35 ] [ 36 37 38 39 ]
42644 - [ 10 ] [ 11 ] [ 12 ] [ 13 ] [ 14 ] [ 15 ]
18202 - [ 28 29 30 31 ] [ 32 33 34 35 ]
19441 - [ 18 19 ] [ 20 21 ] [ 22 23 ] [ 24 25 ] [ 26 27 ] [ 28 29 ]
50662 - [ 15 ] [ 16 ] [ 17 ] [ 18 ] [ 19 ] [ 20 ]
62827 - [ 29 ] [ 30 ] [ 31 ] [ 32 ] [ 33 ] [ 34 ]
53942 - [ 16 17 18 19 ] [ 20 21 22 23 ]
58288 - [ 36 37 38 39 ] [ 0 1 2 3 ]
63392 - [ 12 13 14 15 ] [ 16 17 18 19 ]
61561 - [ 17 ] [ 18 ] [ 19 ] [ 20 ] [ 21 ] [ 22 ]
37235 - [ 24 25 26 27 ] [ 28 29 30 31 ]
46606 - [ 32 33 34 35 ] [ 36 37 38 39 ]
25651 - [ 8 9 10 11 12 13 14 15 ] [ 16 17 18 19 20 21 22 23 ]
18852 - [ 24 25 ] [ 26 27 ] [ 28 29 ] [ 30 31 ] [ 32 33 ] [ 34 35 ]
23912 - [ 34 35 ] [ 36 37 ] [ 38 39 ] [ 0 1 ] [ 2 3 ] [ 4 5 ]
52982 - [ 10 11 ] [ 12 13 ] [ 14 15 ] [ 16 17 ] [ 18 19 ] [ 20 21 ]
20663 - [ 9 ] [ 10 ] [ 11 ] [ 12 ] [ 13 ] [ 14 ]
23395 - [ 24 25 26 27 ] [ 28 29 30 31 ]
6521 - [ 24 25 26 27 28 29 30 31 ] [ 32 33 34 35 36 37 38 39 ]
35815 - [ 17 ] [ 18 ] [ 19 ] [ 20 ] [ 21 ] [ 22 ]
24110 - [ 12 13 14 15 ] [ 16 17 18 19 ]
58671 - [ 32 33 34 35 36 37 38 39 ] [ 0 1 2 3 4 5 6 7 ]
11085 - [ 23 ] [ 24 ] [ 25 ] [ 26 ] [ 27 ] [ 28 ]
15829 - [ 0 1 2 3 ] [ 4 5 6 7 ]
27521 - [ 39 ] [ 0 ] [ 1 ] [ 2 ] [ 3 ] [ 4 ]
43009 - [ 22 23 ] [ 24 25 ] [ 26 27 ] [ 28 29 ] [ 30 31 ] [ 32 33 ]
40779 - [ 8 9 10 11 12 13 14 15 ] [ 16 17 18 19 20 21 22 23 ]
14339 - [ 32 ] [ 33 ] [ 34 ] [ 35 ] [ 36 ] [ 37 ]
57939 - [ 0 1 2 3 ] [ 4 5 6 7 ]
29893 - [ 36 37 38 39 ] [ 0 1 2 3 ]
53893 - [ 2 3 ] [ 4 5 ] [ 6 7 ] [ 8 9 ] [ 10 11 ] [ 12 13 ]
52723 - [ 32 33 34 35 ] [ 36 37 38 39 ]
38098 - [ 4 5 ] [ 6 7 ] [ 8 9 ] [ 10 11 ] [ 12 13 ] [ 14 15 ]
8791 - [ 12 13 14 15 ] [ 16 17 18 19 ]
3995 - [ 24 25 26 27 ] [ 28 29 30 31 ]
27996 - [ 31 ] [ 32 ] [ 33 ] [ 34 ] [ 35 ] [ 36 ]
43769 - [ 34 35 ] [ 36 37 ] [ 38 39 ] [ 0 1 ] [ 2 3 ] [ 4 5 ]
58804 - [ 13 ] [ 14 ] [ 15 ] [ 16 ] [ 17 ] [ 18 ]
8895 - [ 0 1 2 3 4 5 6 7 ] [ 8 9 10 11 12 13 14 15 ]
58151 - [ 11 ] [ 12 ] [ 13 ] [ 14 ] [ 15 ] [ 16 ]
54563 - [ 0 1 2 3 4 5 6 7 ] [ 8 9 10 11 12 13 14 15 ]
43146 - [ 36 37 38 39 ] [ 0 1 2 3 ]
30542 - [ 34 ] [ 35 ] [ 36 ] [ 37 ] [ 38 ] [ 39 ]
36115 - [ 12 13 ] [ 14 15 ] [ 16 17 ] [ 18 19 ] [ 20 21 ] [ 22 23 ]
7355 - [ 8 9 10 11 ] [ 12 13 14 15 ]
49837 - [ 28 29 30 31 ] [ 32 33 34 35 ]
18463 - [ 1 ] [ 2 ] [ 3 ] [ 4 ] [ 5 ] [ 6 ]
25587 - [ 32 33 ] [ 34 35 ] [ 36 37 ] [ 38 39 ] [ 0 1 ] [ 2 3 ]
48226 - [ 6 7 ] [ 8 9 ] [ 10 11 ] [ 12 13 ] [ 14 15 ] [ 16 17 ]
17507 - [ 12 13 ] [ 14 15 ] [ 16 17 ] [ 18 19 ] [ 20 21 ] [ 22 23 ]
8713 - [ 24 25 26 27 28 29 30 31 ] [ 32 33 34 35 36 37 38 39 ]
18978 - [ 2 ] [ 3 ] [ 4 ] [ 5 ] [ 6 ] [ 7 ]
53597 - [ 8 9 10 11 ] [ 12 13 14 15 ]
22737 - [ 0 1 2 3 ] [ 4 5 6 7 ]
50019 - [ 21 ] [ 22 ] [ 23 ] [ 24 ] [ 25 ] [ 26 ]
42880 - [ 14 ] [ 15 ] [ 16 ] [ 17 ] [ 18 ] [ 19 ]
46747 - [ 26 27 ] [ 28 29 ] [ 30 31 ] [ 32 33 ] [ 34 35 ] [ 36 37 ]
57875 - [ 15 ] [ 16 ] [ 17 ] [ 18 ] [ 19 ] [ 20 ]
57566 - [ 4 5 6 7 ] [ 8 9 10 11 ]
62820 - [ 5 ] [ 6 ] [ 7 ] [ 8 ] [ 9 ] [ 10 ]
53227 - [ 14 15 ] [ 16 17 ] [ 18 19 ] [ 20 21 ] [ 22 23 ] [ 24 25 ]
50223 - [ 4 5 6 7 ] [ 8 9 10 11 ]
62532 - [ 32 33 34 35 36 37 38 39 ] [ 0 1 2 3 4 5 6 7 ]
50700 - [ 10 ] [ 11 ] [ 12 ] [ 13 ] [ 14 ] [ 15 ]
60521 - [ 4 5 6 7 ] [ 8 9 10 11 ]
34072 - [ 39 ] [ 0 ] [ 1 ] [ 2 ] [ 3 ] [ 4 ]
Subframe 1:
8791 - [ 32 33 34 35 ] [ 36 37 38 39 ]
25651 - [ 24 25 26 27 28 29 30 31 ] [ 32 33 34 35 36 37 38 39 ]
59179 - [ 19 ] [ 20 ] [ 21 ] [ 22 ] [ 23 ] [ 24 ]
55284 - [ 2 3 ] [ 4 5 ] [ 6 7 ] [ 8 9 ] [ 10 11 ] [ 12 13 ]
60521 - [ 36 37 38 39 ] [ 0 1 2 3 ]
31565 - [ 1 ] [ 2 ] [ 3 ] [ 4 ] [ 5 ] [ 6 ]
46747 - [ 16 17 ] [ 18 19 ] [ 20 21 ] [ 22 23 ] [ 24 25 ] [ 26 27 ]
48226 - [ 18 19 ] [ 20 21 ] [ 22 23 ] [ 24 25 ] [ 26 27 ] [ 28 29 ]
23912 - [ 32 33 ] [ 34 35 ] [ 36 37 ] [ 38 39 ] [ 0 1 ] [ 2 3 ]
65235 - [ 22 23 ] [ 24 25 ] [ 26 27 ] [ 28 29 ] [ 30 31 ] [ 32 33 ]
46704 - [ 0 1 2 3 ] [ 4 5 6 7 ]
42880 - [ 11 ] [ 12 ] [ 13 ] [ 14 ] [ 15 ] [ 16 ]
8895 - [ 8 9 10 11 12 13 14 15 ] [ 16 17 18 19 20 21 22 23 ]
59996 - [ 20 21 ] [ 22 23 ] [ 24 25 ] [ 26 27 ] [ 28 29 ] [ 30 31 ]
54933 - [ 24 25 26 27 ] [ 28 29 30 31 ]
40779 - [ 32 33 34 35 36 37 38 39 ] [ 0 1 2 3 4 5 6 7 ]
54563 - [ 16 17 18 19 20 21 22 23 ] [ 24 25 26 27 28 29 30 31 ]
36115 - [ 12 13 ] [ 14 15 ] [ 16 17 ] [ 18 19 ] [ 20 21 ] [ 22 23 ]
50019 - [ 32 ] [ 33 ] [ 34 ] [ 35 ] [ 36 ] [ 37 ]
34386 - [ 9 ] [ 10 ] [ 11 ] [ 12 ] [ 13 ] [ 14 ]
25791 - [ 32 33 34 35 ] [ 36 37 38 39 ]
58671 - [ 8 9 10 11 12 13 14 15 ] [ 16 17 18 19 20 21 22 23 ]
28017 - [ 33 ] [ 34 ] [ 35 ] [ 36 ] [ 37 ] [ 38 ]
62532 - [ 0 1 2 3 4 5 6 7 ] [ 8 9 10 11 12 13 14 15 ]
58690 - [ 10 11 ] [ 12 13 ] [ 14 15 ] [ 16 17 ] [ 18 19 ] [ 20 21 ]
52982 - [ 8 9 ] [ 10 11 ] [ 12 13 ] [ 14 15 ] [ 16 17 ] [ 18 19 ]
52723 - [ 36 37 38 39 ] [ 0 1 2 3 ]
34072 - [ 27 ] [ 28 ] [ 29 ] [ 30 ] [ 31 ] [ 32 ]
7355 - [ 32 33 34 35 ] [ 36 37 38 39 ]
9137 - [ 33 ] [ 34 ] [ 35 ] [ 36 ] [ 37 ] [ 38 ]
17507 - [ 30 31 ] [ 32 33 ] [ 34 35 ] [ 36 37 ] [ 38 39 ] [ 0 1 ]
15829 - [ 12 13 14 15 ] [ 16 17 18 19 ]
23395 - [ 32 33 34 35 ] [ 36 37 38 39 ]
18852 - [ 38 39 ] [ 0 1 ] [ 2 3 ] [ 4 5 ] [ 6 7 ] [ 8 9 ]
28846 - [ 17 ] [ 18 ] [ 19 ] [ 20 ] [ 21 ] [ 22 ]
4147 - [ 0 1 2 3 ] [ 4 5 6 7 ]
61561 - [ 10 ] [ 11 ] [ 12 ] [ 13 ] [ 14 ] [ 15 ]
8165 - [ 0 1 2 3 ] [ 4 5 6 7 ]
25587 - [ 14 15 ] [ 16 17 ] [ 18 19 ] [ 20 21 ] [ 22 23 ] [ 24 25 ]
50170 - [ 38 ] [ 39 ] [ 0 ] [ 1 ] [ 2 ] [ 3 ]
50700 - [ 27 ] [ 28 ] [ 29 ] [ 30 ] [ 31 ] [ 32 ]
19441 - [ 8 9 ] [ 10 11 ] [ 12 13 ] [ 14 15 ] [ 16 17 ] [ 18 19 ]
24110 - [ 8 9 10 11 ] [ 12 13 14 15 ]
22737 - [ 28 29 30 31 ] [ 32 33 34 35 ]
58288 - [ 32 33 34 35 ] [ 36 37 38 39 ]
43009 - [ 2 3 ] [ 4 5 ] [ 6 7 ] [ 8 9 ] [ 10 11 ] [ 12 13 ]
14339 - [ 34 ] [ 35 ] [ 36 ] [ 37 ] [ 38 ] [ 39 ]
6521 - [ 32 33 34 35 36 37 38 39 ] [ 0 1 2 3 4 5 6 7 ]
37235 - [ 4 5 6 7 ] [ 8 9 10 11 ]
15549 - [ 0 1 ] [ 2 3 ] [ 4 5 ] [ 6 7 ] [ 8 9 ] [ 10 11 ]
62827 - [ 38 ] [ 39 ] [ 0 ] [ 1 ] [ 2 ] [ 3 ]
11085 - [ 31 ] [ 32 ] [ 33 ] [ 34 ] [ 35 ] [ 36 ]
27996 - [ 18 ] [ 19 ] [ 20 ] [ 21 ] [ 22 ] [ 23 ]
46606 - [ 20 21 22 23 ] [ 24 25 26 27 ]
61478 - [ 22 ] [ 23 ] [ 24 ] [ 25 ] [ 26 ] [ 27 ]
50662 - [ 6 ] [ 7 ] [ 8 ] [ 9 ] [ 10 ] [ 11 ]
30542 - [ 23 ] [ 24 ] [ 25 ] [ 26 ] [ 27 ] [ 28 ]
43358 - [ 20 21 ] [ 22 23 ] [ 24 25 ] [ 26 27 ] [ 28 29 ] [ 30 31 ]
15393 - [ 24 ] [ 25 ] [ 26 ] [ 27 ] [ 28 ] [ 29 ]
6830 - [ 29 ] [ 30 ] [ 31 ] [ 32 ] [ 33 ] [ 34 ]
8713 - [ 24 25 26 27 28 29 30 31 ] [ 32 33 34 35 36 37 38 39 ]
57875 - [ 33 ] [ 34 ] [ 35 ] [ 36 ] [ 37 ] [ 38 ]
8018 - [ 38 39 ] [ 0 1 ] [ 2 3 ] [ 4 5 ] [ 6 7 ] [ 8 9 ]
8329 - [ 14 15 ] [ 16 17 ] [ 18 19 ] [ 20 21 ] [ 22 23 ] [ 24 25 ]
57566 - [ 4 5 6 7 ] [ 8 9 10 11 ]
63682 - [ 16 17 18 19 ] [ 20 21 22 23 ]
62825 - [ 8 9 10 11 ] [ 12 13 14 15 ]
43146 - [ 20 21 22 23 ] [ 24 25 26 27 ]
49837 - [ 16 17 18 19 ] [ 20 21 22 23 ]
53942 - [ 16 17 18 19 ] [ 20 21 22 23 ]
4985 - [ 13 ] [ 14 ] [ 15 ] [ 16 ] [ 17 ] [ 18 ]
57303 - [ 22 23 ] [ 24 25 ] [ 26 27 ] [ 28 29 ] [ 30 31 ] [ 32 33 ]
38098 - [ 22 23 ] [ 24 25 ] [ 26 27 ] [ 28 29 ] [ 30 31 ] [ 32 33 ]
47788 - [ 7 ] [ 8 ] [ 9 ] [ 10 ] [ 11 ] [ 12 ]
53227 - [ 26 27 ] [ 28 29 ] [ 30 31 ] [ 32 33 ] [ 34 35 ] [ 36 37 ]
58151 - [ 34 ] [ 35 ] [ 36 ] [ 37 ] [ 38 ] [ 39 ]
50223 - [ 24 25 26 27 ] [ 28 29 30 31 ]
58804 - [ 5 ] [ 6 ] [ 7 ] [ 8 ] [ 9 ] [ 10 ]
18463 - [ 13 ] [ 14 ] [ 15 ] [ 16 ] [ 17 ] [ 18 ]
53383 - [ 24 25 26 27 ] [ 28 29 30 31 ]
3995 - [ 36 37 38 39 ] [ 0 1 2 3 ]
21947 - [ 24 25 ] [ 26 27 ] [ 28 29 ] [ 30 31 ] [ 32 33 ] [ 34 35 ]
54067 - [ 32 ] [ 33 ] [ 34 ] [ 35 ] [ 36 ] [ 37 ]
20663 - [ 3 ] [ 4 ] [ 5 ] [ 6 ] [ 7 ] [ 8 ]
53893 - [ 30 31 ] [ 32 33 ] [ 34 35 ] [ 36 37 ] [ 38 39 ] [ 0 1 ]
29893 - [ 16 17 18 19 ] [ 20 21 22 23 ]
18978 - [ 15 ] [ 16 ] [ 17 ] [ 18 ] [ 19 ] [ 20 ]
53597 - [ 28 29 30 31 ] [ 32 33 34 35 ]
18114 - [ 8 9 ] [ 10 11 ] [ 12 13 ] [ 14 15 ] [ 16 17 ] [ 18 19 ]
43769 - [ 18 19 ] [ 20 21 ] [ 22 23 ] [ 24 25 ] [ 26 27 ] [ 28 29 ]
63392 - [ 16 17 18 19 ] [ 20 21 22 23 ]
42644 - [ 27 ] [ 28 ] [ 29 ] [ 30 ] [ 31 ] [ 32 ]
57939 - [ 36 37 38 39 ] [ 0 1 2 3 ]
55483 - [ 0 1 2 3 4 5 6 7 ] [ 8 9 10 11 12 13 14 15 ]
18202 - [ 36 37 38 39 ] [ 0 1 2 3 ]
33929 - [ 24 25 26 27 28 29 30 31 ] [ 32 33 34 35 36 37 38 39 ]
35815 - [ 36 ] [ 37 ] [ 38 ] [ 39 ] [ 0 ] [ 1 ]
62820 - [ 12 ] [ 13 ] [ 14 ] [ 15 ] [ 16 ] [ 17 ]
27521 - [ 33 ] [ 34 ] [ 35 ] [ 36 ] [ 37 ] [ 38 ]
3820 - [ 34 ] [ 35 ] [ 36 ] [ 37 ] [ 38 ] [ 39 ]
Subframe 2:
65235 - [ 22 23 ] [ 24 25 ] [ 26 27 ] [ 28 29 ] [ 30 31 ] [ 32 33 ]
6830 - [ 19 ] [ 20 ] [ 21 ] [ 22 ] [ 23 ] [ 24 ]
23912 - [ 30 31 ] [ 32 33 ] [ 34 35 ] [ 36 37 ] [ 38 39 ] [ 0 1 ]
46606 - [ 24 25 26 27 ] [ 28 29 30 31 ]
50223 - [ 20 21 22 23 ] [ 24 25 26 27 ]
18202 - [ 32 33 34 35 ] [ 36 37 38 39 ]
53383 - [ 16 17 18 19 ] [ 20 21 22 23 ]
42880 - [ 36 ] [ 37 ] [ 38 ] [ 39 ] [ 0 ] [ 1 ]
57875 - [ 17 ] [ 18 ] [ 19 ] [ 20 ] [ 21 ] [ 22 ]
50662 - [ 15 ] [ 16 ] [ 17 ] [ 18 ] [ 19 ] [ 20 ]
42644 - [ 8 ] [ 9 ] [ 10 ] [ 11 ] [ 12 ] [ 13 ]
28017 - [ 34 ] [ 35 ] [ 36 ] [ 37 ] [ 38 ] [ 39 ]
8713 - [ 16 17 18 19 20 21 22 23 ] [ 24 25 26 27 28 29 30 31 ]
58690 - [ 6 7 ] [ 8 9 ] [ 10 11 ] [ 12 13 ] [ 14 15 ] [ 16 17 ]
53227 - [ 18 19 ] [ 20 21 ] [ 22 23 ] [ 24 25 ] [ 26 27 ] [ 28 29 ]
30542 - [ 38 ] [ 39 ] [ 0 ] [ 1 ] [ 2 ] [ 3 ]
8018 - [ 8 9 ] [ 10 11 ] [ 12 13 ] [ 14 15 ] [ 16 17 ] [ 18 19 ]
61478 - [ 31 ] [ 32 ] [ 33 ] [ 34 ] [ 35 ] [ 36 ]
34386 - [ 32 ] [ 33 ] [ 34 ] [ 35 ] [ 36 ] [ 37 ]
43009 - [ 10 11 ] [ 12 13 ] [ 14 15 ] [ 16 17 ] [ 18 19 ] [ 20 21 ]
43146 - [ 12 13 14 15 ] [ 16 17 18 19 ]
61561 - [ 4 ] [ 5 ] [ 6 ] [ 7 ] [ 8 ] [ 9 ]
35815 - [ 17 ] [ 18 ] [ 19 ] [ 20 ] [ 21 ] [ 22 ]
63392 - [ 24 25 26 27 ] [ 28 29 30 31 ]
22737 - [ 16 17 18 19 ] [ 20 21 22 23 ]
43769 - [ 10 11 ] [ 12 13 ] [ 14 15 ] [ 16 17 ] [ 18 19 ] [ 20 21 ]
8165 - [ 24 25 26 27 ] [ 28 29 30 31 ]
50700 - [ 26 ] [ 27 ] [ 28 ] [ 29 ] [ 30 ] [ 31 ]
62532 - [ 24 25 26 27 28 29 30 31 ] [ 32 33 34 35 36 37 38 39 ]
17507 - [ 16 17 ] [ 18 19 ] [ 20 21 ] [ 22 23 ] [ 24 25 ] [ 26 27 ]
33929 - [ 32 33 34 35 36 37 38 39 ] [ 0 1 2 3 4 5 6 7 ]
52723 - [ 8 9 10 11 ] [ 12 13 14 15 ]
8791 - [ 32 33 34 35 ] [ 36 37 38 39 ]
25587 - [ 18 19 ] [ 20 21 ] [ 22 23 ] [ 24 25 ] [ 26 27 ] [ 28 29 ]
49837 - [ 20 21 22 23 ] [ 24 25 26 27 ]
40779 - [ 8 9 10 11 12 13 14 15 ] [ 16 17 18 19 20 21 22 23 ]
18463 - [ 23 ] [ 24 ] [ 25 ] [ 26 ] [ 27 ] [ 28 ]
9137 - [ 38 ] [ 39 ] [ 0 ] [ 1 ] [ 2 ] [ 3 ]
59179 - [ 14 ] [ 15 ] [ 16 ] [ 17 ] [ 18 ] [ 19 ]
46747 - [ 16 17 ] [ 18 19 ] [ 20 21 ] [ 22 23 ] [ 24 25 ] [ 26 27 ]
20663 - [ 23 ] [ 24 ] [ 25 ] [ 26 ] [ 27 ] [ 28 ]
55284 - [ 30 31 ] [ 32 33 ] [ 34 35 ] [ 36 37 ] [ 38 39 ] [ 0 1 ]
55483 - [ 24 25 26 27 28 29 30 31 ] [ 32 33 34 35 36 37 38 39 ]
6521 - [ 32 33 34 35 36 37 38 39 ] [ 0 1 2 3 4 5 6 7 ]
62825 - [ 4 5 6 7 ] [ 8 9 10 11 ]
15549 - [ 38 39 ] [ 0 1 ] [ 2 3 ] [ 4 5 ] [ 6 7 ] [ 8 9 ]
4147 - [ 4 5 6 7 ] [ 8 9 10 11 ]
3995 - [ 28 29 30 31 ] [ 32 33 34 35 ]
50170 - [ 31 ] [ 32 ] [ 33 ] [ 34 ] [ 35 ] [ 36 ]
18978 - [ 2 ] [ 3 ] [ 4 ] [ 5 ] [ 6 ] [ 7 ]
43358 - [ 30 31 ] [ 32 33 ] [ 34 35 ] [ 36 37 ] [ 38 39 ] [ 0 1 ]
62820 - [ 39 ] [ 0 ] [ 1 ] [ 2 ] [ 3 ] [ 4 ]
46704 - [ 20 21 22 23 ] [ 24 25 26 27 ]
36115 - [ 8 9 ] [ 10 11 ] [ 12 13 ] [ 14 15 ] [ 16 17 ] [ 18 19 ]
21947 - [ 30 31 ] [ 32 33 ] [ 34 35 ] [ 36 37 ] [ 38 39 ] [ 0 1 ]
47788 - [ 1 ] [ 2 ] [ 3 ] [ 4 ] [ 5 ] [ 6 ]
31565 - [ 5 ] [ 6 ] [ 7 ] [ 8 ] [ 9 ] [ 10 ]
24110 - [ 8 9 10 11 ] [ 12 13 14 15 ]
23395 - [ 16 17 18 19 ] [ 20 21 22 23 ]
48226 - [ 14 15 ] [ 16 17 ] [ 18 19 ] [ 20 21 ] [ 22 23 ] [ 24 25 ]
57939 - [ 24 25 26 27 ] [ 28 29 30 31 ]
7355 - [ 8 9 10 11 ] [ 12 13 14 15 ]
14339 - [ 27 ] [ 28 ] [ 29 ] [ 30 ] [ 31 ] [ 32 ]
28846 - [ 5 ] [ 6 ] [ 7 ] [ 8 ] [ 9 ] [ 10 ]
25791 - [ 36 37 38 39 ] [ 0 1 2 3 ]
11085 - [ 23 ] [ 24 ] [ 25 ] [ 26 ] [ 27 ] [ 28 ]
58151 - [ 15 ] [ 16 ] [ 17 ] [ 18 ] [ 19 ] [ 20 ]
27996 - [ 38 ] [ 39 ] [ 0 ] [ 1 ] [ 2 ] [ 3 ]
18114 - [ 26 27 ] [ 28 29 ] [ 30 31 ] [ 32 33 ] [ 34 35 ] [ 36 37 ]
54933 - [ 12 13 14 15 ] [ 16 17 18 19 ]
18852 - [ 12 13 ] [ 14 15 ] [ 16 17 ] [ 18 19 ] [ 20 21 ] [ 22 23 ]
54067 - [ 12 ] [ 13 ] [ 14 ] [ 15 ] [ 16 ] [ 17 ]
34072 - [ 23 ] [ 24 ] [ 25 ] [ 26 ] [ 27 ] [ 28 ]
8895 - [ 0 1 2 3 4 5 6 7 ] [ 8 9 10 11 12 13 14 15 ]
54563 - [ 32 33 34 35 36 37 38 39 ] [ 0 1 2 3 4 5 6 7 ]
58288 - [ 24 25 26 27 ] [ 28 29 30 31 ]
57566 - [ 28 29 30 31 ] [ 32 33 34 35 ]
37235 - [ 36 37 38 39 ] [ 0 1 2 3 ]
58804 - [ 16 ] [ 17 ] [ 18 ] [ 19 ] [ 20 ] [ 21 ]
15393 - [ 14 ] [ 15 ] [ 16 ] [ 17 ] [ 18 ] [ 19 ]
53942 - [ 16 17 18 19 ] [ 20 21 22 23 ]
63682 - [ 36 37 38 39 ] [ 0 1 2 3 ]
27521 - [ 12 ] [ 13 ] [ 14 ] [ 15 ] [ 16 ] [ 17 ]
53893 - [ 2 3 ] [ 4 5 ] [ 6 7 ] [ 8 9 ] [ 10 11 ] [ 12 13 ]
3820 - [ 28 ] [ 29 ] [ 30 ] [ 31 ] [ 32 ] [ 33 ]
19441 - [ 16 17 ] [ 18 19 ] [ 20 21 ] [ 22 23 ] [ 24 25 ] [ 26 27 ]
52982 - [ 16 17 ] [ 18 19 ] [ 20 21 ] [ 22 23 ] [ 24 25 ] [ 26 27 ]
50019 - [ 38 ] [ 39 ] [ 0 ] [ 1 ] [ 2 ] [ 3 ]
59996 - [ 4 5 ] [ 6 7 ] [ 8 9 ] [ 10 11 ] [ 12 13 ] [ 14 15 ]
29893 - [ 32 33 34 35 ] [ 36 37 38 39 ]
57303 - [ 20 21 ] [ 22 23 ] [ 24 25 ] [ 26 27 ] [ 28 29 ] [ 30 31 ]
62827 - [ 13 ] [ 14 ] [ 15 ] [ 16 ] [ 17 ] [ 18 ]
15829 - [ 4 5 6 7 ] [ 8 9 10 11 ]
58671 - [ 8 9 10 11 12 13 14 15 ] [ 16 17 18 19 20 21 22 23 ]
25651 - [ 24 25 26 27 28 29 30 31 ] [ 32 33 34 35 36 37 38 39 ]
38098 - [ 20 21 ] [ 22 23 ] [ 24 25 ] [ 26 27 ] [ 28 29 ] [ 30 31 ]
60521 - [ 20 21 22 23 ] [ 24 25 26 27 ]
8329 - [ 6 7 ] [ 8 9 ] [ 10 11 ] [ 12 13 ] [ 14 15 ] [ 16 17 ]
53597 - [ 20 21 22 23 ] [ 24 25 26 27 ]
4985 - [ 15 ] [ 16 ] [ 17 ] [ 18 ] [ 19 ] [ 20 ]
Subframe 3:
14339 - [ 8 ] [ 9 ] [ 10 ] [ 11 ] [ 12 ] [ 13 ]
37235 - [ 36 37 38 39 ] [ 0 1 2 3 ]
27521 - [ 33 ] [ 34 ] [ 35 ] [ 36 ] [ 37 ] [ 38 ]
57303 - [ 22 23 ] [ 24 25 ] [ 26 27 ] [ 28 29 ] [ 30 31 ] [ 32 33 ]
58671 - [ 32 33 34 35 36 37 38 39 ] [ 0 1 2 3 4 5 6 7 ]
15549 - [ 8 9 ] [ 10 11 ] [ 12 13 ] [ 14 15 ] [ 16 17 ] [ 18 19 ]
50662 - [ 29 ] [ 30 ] [ 31 ] [ 32 ] [ 33 ] [ 34 ]
25791 - [ 32 33 34 35 ] [ 36 37 38 39 ]
8165 - [ 32 33 34 35 ] [ 36 37 38 39 ]
47788 - [ 0 ] [ 1 ] [ 2 ] [ 3 ] [ 4 ] [ 5 ]
53893 - [ 4 5 ] [ 6 7 ] [ 8 9 ] [ 10 11 ] [ 12 13 ] [ 14 15 ]
50700 - [ 20 ] [ 21 ] [ 22 ] [ 23 ] [ 24 ] [ 25 ]
17507 - [ 22 23 ] [ 24 25 ] [ 26 27 ] [ 28 29 ] [ 30 31 ] [ 32 33 ]
63682 - [ 4 5 6 7 ] [ 8 9 10 11 ]
61561 - [ 36 ] [ 37 ] [ 38 ] [ 39 ] [ 0 ] [ 1 ]
15829 - [ 4 5 6 7 ] [ 8 9 10 11 ]
31565 - [ 20 ] [ 21 ] [ 22 ] [ 23 ] [ 24 ] [ 25 ]
8791 - [ 28 29 30 31 ] [ 32 33 34 35 ]
52723 - [ 28 29 30 31 ] [ 32 33 34 35 ]
25651 - [ 24 25 26 27 28 29 30 31 ] [ 32 33 34 35 36 37 38 39 ]
50019 - [ 10 ] [ 11 ] [ 12 ] [ 13 ] [ 14 ] [ 15 ]
15393 - [ 6 ] [ 7 ] [ 8 ] [ 9 ] [ 10 ] [ 11 ]
21947 - [ 36 37 ] [ 38 39 ] [ 0 1 ] [ 2 3 ] [ 4 5 ] [ 6 7 ]
19441 - [ 2 3 ] [ 4 5 ] [ 6 7 ] [ 8 9 ] [ 10 11 ] [ 12 13 ]
62827 - [ 28 ] [ 29 ] [ 30 ] [ 31 ] [ 32 ] [ 33 ]
58804 - [ 32 ] [ 33 ] [ 34 ] [ 35 ] [ 36 ] [ 37 ]
24110 - [ 8 9 10 11 ] [ 12 13 14 15 ]
18978 - [ 37 ] [ 38 ] [ 39 ] [ 0 ] [ 1 ] [ 2 ]
61478 - [ 17 ] [ 18 ] [ 19 ] [ 20 ] [ 21 ] [ 22 ]
36115 - [ 24 25 ] [ 26 27 ] [ 28 29 ] [ 30 31 ] [ 32 33 ] [ 34 35 ]
62532 - [ 16 17 18 19 20 21 22 23 ] [ 24 25 26 27 28 29 30 31 ]
34072 - [ 39 ] [ 0 ] [ 1 ] [ 2 ] [ 3 ] [ 4 ]
7355 - [ 12 13 14 15 ] [ 16 17 18 19 ]
18852 - [ 28 29 ] [ 30 31 ] [ 32 33 ] [ 34 35 ] [ 36 37 ] [ 38 39 ]
3995 - [ 20 21 22 23 ] [ 24 25 26 27 ]
52982 - [ 26 27 ] [ 28 29 ] [ 30 31 ] [ 32 33 ] [ 34 35 ] [ 36 37 ]
53383 - [ 24 25 26 27 ] [ 28 29 30 31 ]
54933 - [ 24 25 26 27 ] [ 28 29 30 31 ]
23395 - [ 36 37 38 39 ] [ 0 1 2 3 ]
28017 - [ 18 ] [ 19 ] [ 20 ] [ 21 ] [ 22 ] [ 23 ]
4147 - [ 20 21 22 23 ] [ 24 25 26 27 ]
57939 - [ 12 13 14 15 ] [ 16 17 18 19 ]
43009 - [ 22 23 ] [ 24 25 ] [ 26 27 ] [ 28 29 ] [ 30 31 ] [ 32 33 ]
38098 - [ 2 3 ] [ 4 5 ] [ 6 7 ] [ 8 9 ] [ 10 11 ] [ 12 13 ]
63392 - [ 32 33 34 35 ] [ 36 37 38 39 ]
46704 - [ 0 1 2 3 ] [ 4 5 6 7 ]
46747 - [ 28 29 ] [ 30 31 ] [ 32 33 ] [ 34 35 ] [ 36 37 ] [ 38 39 ]
35815 - [ 6 ] [ 7 ] [ 8 ] [ 9 ] [ 10 ] [ 11 ]
62820 - [ 31 ] [ 32 ] [ 33 ] [ 34 ] [ 35 ] [ 36 ]
48226 - [ 4 5 ] [ 6 7 ] [ 8 9 ] [ 10 11 ] [ 12 13 ] [ 14 15 ]
8895 - [ 16 17 18 19 20 21 22 23 ] [ 24 25 26 27 28 29 30 31 ]
43769 - [ 24 25 ] [ 26 27 ] [ 28 29 ] [ 30 31 ] [ 32 33 ] [ 34 35 ]
18463 - [ 8 ] [ 9 ] [ 10 ] [ 11 ] [ 12 ] [ 13 ]
57566 - [ 4 5 6 7 ] [ 8 9 10 11 ]
65235 - [ 14 15 ] [ 16 17 ] [ 18 19 ] [ 20 21 ] [ 22 23 ] [ 24 25 ]
54563 - [ 16 17 18 19 20 21 22 23 ] [ 24 25 26 27 28 29 30 31 ]
62825 - [ 4 5 6 7 ] [ 8 9 10 11 ]
22737 - [ 16 17 18 19 ] [ 20 21 22 23 ]
59996 - [ 6 7 ] [ 8 9 ] [ 10 11 ] [ 12 13 ] [ 14 15 ] [ 16 17 ]
53942 - [ 4 5 6 7 ] [ 8 9 10 11 ]
18114 - [ 6 7 ] [ 8 9 ] [ 10 11 ] [ 12 13 ] [ 14 15 ] [ 16 17 ]
53597 - [ 16 17 18 19 ] [ 20 21 22 23 ]
50223 - [ 20 21 22 23 ] [ 24 25 26 27 ]
34386 - [ 22 ] [ 23 ] [ 24 ] [ 25 ] [ 26 ] [ 27 ]
28846 - [ 7 ] [ 8 ] [ 9 ] [ 10 ] [ 11 ] [ 12 ]
9137 - [ 36 ] [ 37 ] [ 38 ] [ 39 ] [ 0 ] [ 1 ]
42880 - [ 39 ] [ 0 ] [ 1 ] [ 2 ] [ 3 ] [ 4 ]
58690 - [ 32 33 ] [ 34 35 ] [ 36 37 ] [ 38 39 ] [ 0 1 ] [ 2 3 ]
50170 - [ 35 ] [ 36 ] [ 37 ] [ 38 ] [ 39 ] [ 0 ]
57875 - [ 18 ] [ 19 ] [ 20 ] [ 21 ] [ 22 ] [ 23 ]
30542 - [ 39 ] [ 0 ] [ 1 ] [ 2 ] [ 3 ] [ 4 ]
55284 - [ 30 31 ] [ 32 33 ] [ 34 35 ] [ 36 37 ] [ 38 39 ] [ 0 1 ]
25587 - [ 6 7 ] [ 8 9 ] [ 10 11 ] [ 12 13 ] [ 14 15 ] [ 16 17 ]
58151 - [ 27 ] [ 28 ] [ 29 ] [ 30 ] [ 31 ] [ 32 ]
59179 - [ 1 ] [ 2 ] [ 3 ] [ 4 ] [ 5 ] [ 6 ]
23912 - [ 4 5 ] [ 6 7 ] [ 8 9 ] [ 10 11 ] [ 12 13 ] [ 14 15 ]
3820 - [ 3 ] [ 4 ] [ 5 ] [ 6 ] [ 7 ] [ 8 ]
46606 - [ 8 9 10 11 ] [ 12 13 14 15 ]
6521 - [ 8 9 10 11 12 13 14 15 ] [ 16 17 18 19 20 21 22 23 ]
8018 - [ 2 3 ] [ 4 5 ] [ 6 7 ] [ 8 9 ] [ 10 11 ] [ 12 13 ]
6830 - [ 21 ] [ 22 ] [ 23 ] [ 24 ] [ 25 ] [ 26 ]
29893 - [ 20 21 22 23 ] [ 24 25 26 27 ]
40779 - [ 24 25 26 27 28 29 30 31 ] [ 32 33 34 35 36 37 38 39 ]
54067 - [ 5 ] [ 6 ] [ 7 ] [ 8 ] [ 9 ] [ 10 ]
43358 - [ 32 33 ] [ 34 35 ] [ 36 37 ] [ 38 39 ] [ 0 1 ] [ 2 3 ]
8713 - [ 24 25 26 27 28 29 30 31 ] [ 32 33 34 35 36 37 38 39 ]
53227 - [ 16 17 ] [ 18 19 ] [ 20 21 ] [ 22 23 ] [ 24 25 ] [ 26 27 ]
4985 - [ 8 ] [ 9 ] [ 10 ] [ 11 ] [ 12 ] [ 13 ]
27996 - [ 27 ] [ 28 ] [ 29 ] [ 30 ] [ 31 ] [ 32 ]
43146 - [ 8 9 10 11 ] [ 12 13 14 15 ]
18202 - [ 20 21 22 23 ] [ 24 25 26 27 ]
55483 - [ 0 1 2 3 4 5 6 7 ] [ 8 9 10 11 12 13 14 15 ]
8329 - [ 30 31 ] [ 32 33 ] [ 34 35 ] [ 36 37 ] [ 38 39 ] [ 0 1 ]
58288 - [ 4 5 6 7 ] [ 8 9 10 11 ]
20663 - [ 24 ] [ 25 ] [ 26 ] [ 27 ] [ 28 ] [ 29 ]
33929 - [ 24 25 26 27 28 29 30 31 ] [ 32 33 34 35 36 37 38 39 ]
42644 - [ 25 ] [ 26 ] [ 27 ] [ 28 ] [ 29 ] [ 30 ]
49837 - [ 32 33 34 35 ] [ 36 37 38 39 ]
11085 - [ 17 ] [ 18 ] [ 19 ] [ 20 ] [ 21 ] [ 22 ]
60521 - [ 20 21 22 23 ] [ 24 25 26 27 ]
Subframe 4:
57875 - [ 0 ] [ 1 ] [ 2 ] [ 3 ] [ 4 ] [ 5 ]
43358 - [ 8 9 ] [ 10 11 ] [ 12 13 ] [ 14 15 ] [ 16 17 ] [ 18 19 ]
38098 - [ 38 39 ] [ 0 1 ] [ 2 3 ] [ 4 5 ] [ 6 7 ] [ 8 9 ]
55483 - [ 8 9 10 11 12 13 14 15 ] [ 16 17 18 19 20 21 22 23 ]
24110 - [ 12 13 14 15 ] [ 16 17 18 19 ]
49837 - [ 12 13 14 15 ] [ 16 17 18 19 ]
50223 - [ 16 17 18 19 ] [ 20 21 22 23 ]
20663 - [ 30 ] [ 31 ] [ 32 ] [ 33 ] [ 34 ] [ 35 ]
8791 - [ 20 21 22 23 ] [ 24 25 26 27 ]
31565 - [ 20 ] [ 21 ] [ 22 ] [ 23 ] [ 24 ] [ 25 ]
57939 - [ 4 5 6 7 ] [ 8 9 10 11 ]
4147 - [ 4 5 6 7 ] [ 8 9 10 11 ]
18978 - [ 27 ] [ 28 ] [ 29 ] [ 30 ] [ 31 ] [ 32 ]
27996 - [ 37 ] [ 38 ] [ 39 ] [ 0 ] [ 1 ] [ 2 ]
59179 - [ 14 ] [ 15 ] [ 16 ] [ 17 ] [ 18 ] [ 19 ]
47788 - [ 38 ] [ 39 ] [ 0 ] [ 1 ] [ 2 ] [ 3 ]
57566 - [ 36 37 38 39 ] [ 0 1 2 3 ]
53942 - [ 36 37 38 39 ] [ 0 1 2 3 ]
22737 - [ 36 37 38 39 ] [ 0 1 2 3 ]
63392 - [ 28 29 30 31 ] [ 32 33 34 35 ]
62825 - [ 28 29 30 31 ] [ 32 33 34 35 ]
4985 - [ 39 ] [ 0 ] [ 1 ] [ 2 ] [ 3 ] [ 4 ]
62532 - [ 8 9 10 11 12 13 14 15 ] [ 16 17 18 19 20 21 22 23 ]
8329 - [ 8 9 ] [ 10 11 ] [ 12 13 ] [ 14 15 ] [ 16 17 ] [ 18 19 ]
23395 - [ 8 9 10 11 ] [ 12 13 14 15 ]
19441 - [ 30 31 ] [ 32 33 ] [ 34 35 ] [ 36 37 ] [ 38 39 ] [ 0 1 ]
46704 - [ 12 13 14 15 ] [ 16 17 18 19 ]
25791 - [ 4 5 6 7 ] [ 8 9 10 11 ]
50700 - [ 15 ] [ 16 ] [ 17 ] [ 18 ] [ 19 ] [ 20 ]
25587 - [ 18 19 ] [ 20 21 ] [ 22 23 ] [ 24 25 ] [ 26 27 ] [ 28 29 ]
60521 - [ 32 33 34 35 ] [ 36 37 38 39 ]
11085 - [ 33 ] [ 34 ] [ 35 ] [ 36 ] [ 37 ] [ 38 ]
58690 - [ 16 17 ] [ 18 19 ] [ 20 21 ] [ 22 23 ] [ 24 25 ] [ 26 27 ]
62820 - [ 18 ] [ 19 ] [ 20 ] [ 21 ] [ 22 ] [ 23 ]
61561 - [ 27 ] [ 28 ] [ 29 ] [ 30 ] [ 31 ] [ 32 ]
3820 - [ 2 ] [ 3 ] [ 4 ] [ 5 ] [ 6 ] [ 7 ]
53597 - [ 8 9 10 11 ] [ 12 13 14 15 ]
54067 - [ 30 ] [ 31 ] [ 32 ] [ 33 ] [ 34 ] [ 35 ]
28017 - [ 13 ] [ 14 ] [ 15 ] [ 16 ] [ 17 ] [ 18 ]
29893 - [ 36 37 38 39 ] [ 0 1 2 3 ]
15549 - [ 30 31 ] [ 32 33 ] [ 34 35 ] [ 36 37 ] [ 38 39 ] [ 0 1 ]
8165 - [ 24 25 26 27 ] [ 28 29 30 31 ]
34072 - [ 24 ] [ 25 ] [ 26 ] [ 27 ] [ 28 ] [ 29 ]
21947 - [ 4 5 ] [ 6 7 ] [ 8 9 ] [ 10 11 ] [ 12 13 ] [ 14 15 ]
53227 - [ 2 3 ] [ 4 5 ] [ 6 7 ] [ 8 9 ] [ 10 11 ] [ 12 13 ]
6521 - [ 32 33 34 35 36 37 38 39 ] [ 0 1 2 3 4 5 6 7 ]
43769 - [ 26 27 ] [ 28 29 ] [ 30 31 ] [ 32 33 ] [ 34 35 ] [ 36 37 ]
14339 - [ 32 ] [ 33 ] [ 34 ] [ 35 ] [ 36 ] [ 37 ]
17507 - [ 14 15 ] [ 16 17 ] [ 18 19 ] [ 20 21 ] [ 22 23 ] [ 24 25 ]
15829 - [ 28 29 30 31 ] [ 32 33 34 35 ]
18463 - [ 23 ] [ 24 ] [ 25 ] [ 26 ] [ 27 ] [ 28 ]
42644 - [ 20 ] [ 21 ] [ 22 ] [ 23 ] [ 24 ] [ 25 ]
46747 - [ 30 31 ] [ 32 33 ] [ 34 35 ] [ 36 37 ] [ 38 39 ] [ 0 1 ]
36115 - [ 12 13 ] [ 14 15 ] [ 16 17 ] [ 18 19 ] [ 20 21 ] [ 22 23 ]
8895 - [ 0 1 2 3 4 5 6 7 ] [ 8 9 10 11 12 13 14 15 ]
35815 - [ 39 ] [ 0 ] [ 1 ] [ 2 ] [ 3 ] [ 4 ]
8713 - [ 8 9 10 11 12 13 14 15 ] [ 16 17 18 19 20 21 22 23 ]
27521 - [ 37 ] [ 38 ] [ 39 ] [ 0 ] [ 1 ] [ 2 ]
54933 - [ 0 1 2 3 ] [ 4 5 6 7 ]
52982 - [ 36 37 ] [ 38 39 ] [ 0 1 ] [ 2 3 ] [ 4 5 ] [ 6 7 ]
28846 - [ 27 ] [ 28 ] [ 29 ] [ 30 ] [ 31 ] [ 32 ]
42880 - [ 16 ] [ 17 ] [ 18 ] [ 19 ] [ 20 ] [ 21 ]
53383 - [ 36 37 38 39 ] [ 0 1 2 3 ]
40779 - [ 16 17 18 19 20 21 22 23 ] [ 24 25 26 27 28 29 30 31 ]
18202 - [ 24 25 26 27 ] [ 28 29 30 31 ]
50170 - [ 11 ] [ 12 ] [ 13 ] [ 14 ] [ 15 ] [ 16 ]
34386 - [ 34 ] [ 35 ] [ 36 ] [ 37 ] [ 38 ] [ 39 ]
48226 - [ 4 5 ] [ 6 7 ] [ 8 9 ] [ 10 11 ] [ 12 13 ] [ 14 15 ]
58804 - [ 24 ] [ 25 ] [ 26 ] [ 27 ] [ 28 ] [ 29 ]
3995 - [ 20 21 22 23 ] [ 24 25 26 27 ]
58671 - [ 24 25 26 27 28 29 30 31 ] [ 32 33 34 35 36 37 38 39 ]
43146 - [ 20 21 22 23 ] [ 24 25 26 27 ]
54563 - [ 32 33 34 35 36 37 38 39 ] [ 0 1 2 3 4 5 6 7 ]
58288 - [ 12 13 14 15 ] [ 16 17 18 19 ]
9137 - [ 2 ] [ 3 ] [ 4 ] [ 5 ] [ 6 ] [ 7 ]
46606 - [ 28 29 30 31 ] [ 32 33 34 35 ]
53893 - [ 22 23 ] [ 24 25 ] [ 26 27 ] [ 28 29 ] [ 30 31 ] [ 32 33 ]
58151 - [ 0 ] [ 1 ] [ 2 ] [ 3 ] [ 4 ] [ 5 ]
52723 - [ 20 21 22 23 ] [ 24 25 26 27 ]
63682 - [ 12 13 14 15 ] [ 16 17 18 19 ]
15393 - [ 24 ] [ 25 ] [ 26 ] [ 27 ] [ 28 ] [ 29 ]
6830 - [ 35 ] [ 36 ] [ 37 ] [ 38 ] [ 39 ] [ 0 ]
18114 - [ 22 23 ] [ 24 25 ] [ 26 27 ] [ 28 29 ] [ 30 31 ] [ 32 33 ]
8018 - [ 4 5 ] [ 6 7 ] [ 8 9 ] [ 10 11 ] [ 12 13 ] [ 14 15 ]
7355 - [ 0 1 2 3 ] [ 4 5 6 7 ]
50662 - [ 5 ] [ 6 ] [ 7 ] [ 8 ] [ 9 ] [ 10 ]
50019 - [ 2 ] [ 3 ] [ 4 ] [ 5 ] [ 6 ] [ 7 ]
62827 - [ 31 ] [ 32 ] [ 33 ] [ 34 ] [ 35 ] [ 36 ]
43009 - [ 18 19 ] [ 20 21 ] [ 22 23 ] [ 24 25 ] [ 26 27 ] [ 28 29 ]
55284 - [ 12 13 ] [ 14 15 ] [ 16 17 ] [ 18 19 ] [ 20 21 ] [ 22 23 ]
65235 - [ 4 5 ] [ 6 7 ] [ 8 9 ] [ 10 11 ] [ 12 13 ] [ 14 15 ]
23912 - [ 14 15 ] [ 16 17 ] [ 18 19 ] [ 20 21 ] [ 22 23 ] [ 24 25 ]
18852 - [ 4 5 ] [ 6 7 ] [ 8 9 ] [ 10 11 ] [ 12 13 ] [ 14 15 ]
30542 - [ 8 ] [ 9 ] [ 10 ] [ 11 ] [ 12 ] [ 13 ]
59996 - [ 32 33 ] [ 34 35 ] [ 36 37 ] [ 38 39 ] [ 0 1 ] [ 2 3 ]
57303 - [ 2 3 ] [ 4 5 ] [ 6 7 ] [ 8 9 ] [ 10 11 ] [ 12 13 ]
61478 - [ 11 ] [ 12 ] [ 13 ] [ 14 ] [ 15 ] [ 16 ]
37235 - [ 0 1 2 3 ] [ 4 5 6 7 ]
25651 - [ 16 17 18 19 20 21 22 23 ] [ 24 25 26 27 28 29 30 31 ]
33929 - [ 0 1 2 3 4 5 6 7 ] [ 8 9 10 11 12 13 14 15 ]
Subframe 5:
50170 - [ 28 ] [ 29 ] [ 30 ] [ 31 ] [ 32 ] [ 33 ]
3820 - [ 9 ] [ 10 ] [ 11 ] [ 12 ] [ 13 ] [ 14 ]
8165 - [ 4 5 6 7 ] [ 8 9 10 11 ]
18978 - [ 38 ] [ 39 ] [ 0 ] [ 1 ] [ 2 ] [ 3 ]
47788 - [ 23 ] [ 24 ] [ 25 ] [ 26 ] [ 27 ] [ 28 ]
37235 - [ 20 21 22 23 ] [ 24 25 26 27 ]
42644 - [ 26 ] [ 27 ] [ 28 ] [ 29 ] [ 30 ] [ 31 ]
8713 - [ 32 33 34 35 36 37 38 39 ] [ 0 1 2 3 4 5 6 7 ]
25791 - [ 28 29 30 31 ] [ 32 33 34 35 ]
58671 - [ 16 17 18 19 20 21 22 23 ] [ 24 25 26 27 28 29 30 31 ]
53597 - [ 28 29 30 31 ] [ 32 33 34 35 ]
53942 - [ 16 17 18 19 ] [ 20 21 22 23 ]
43009 - [ 4 5 ] [ 6 7 ] [ 8 9 ] [ 10 11 ] [ 12 13 ] [ 14 15 ]
53893 - [ 28 29 ] [ 30 31 ] [ 32 33 ] [ 34 35 ] [ 36 37 ] [ 38 39 ]
50662 - [ 9 ] [ 10 ] [ 11 ] [ 12 ] [ 13 ] [ 14 ]
42880 - [ 32 ] [ 33 ] [ 34 ] [ 35 ] [ 36 ] [ 37 ]
23395 - [ 8 9 10 11 ] [ 12 13 14 15 ]
7355 - [ 20 21 22 23 ] [ 24 25 26 27 ]
46704 - [ 32 33 34 35 ] [ 36 37 38 39 ]
8329 - [ 36 37 ] [ 38 39 ] [ 0 1 ] [ 2 3 ] [ 4 5 ] [ 6 7 ]
62827 - [ 21 ] [ 22 ] [ 23 ] [ 24 ] [ 25 ] [ 26 ]
46606 - [ 16 17 18 19 ] [ 20 21 22 23 ]
29893 - [ 24 25 26 27 ] [ 28 29 30 31 ]
43146 - [ 0 1 2 3 ] [ 4 5 6 7 ]
58690 - [ 4 5 ] [ 6 7 ] [ 8 9 ] [ 10 11 ] [ 12 13 ] [ 14 15 ]
30542 - [ 11 ] [ 12 ] [ 13 ] [ 14 ] [ 15 ] [ 16 ]
50019 - [ 10 ] [ 11 ] [ 12 ] [ 13 ] [ 14 ] [ 15 ]
19441 - [ 16 17 ] [ 18 19 ] [ 20 21 ] [ 22 23 ] [ 24 25 ] [ 26 27 ]
63682 - [ 0 1 2 3 ] [ 4 5 6 7 ]
57875 - [ 8 ] [ 9 ] [ 10 ] [ 11 ] [ 12 ] [ 13 ]
62820 - [ 1 ] [ 2 ] [ 3 ] [ 4 ] [ 5 ] [ 6 ]
35815 - [ 35 ] [ 36 ] [ 37 ] [ 38 ] [ 39 ] [ 0 ]
4985 - [ 5 ] [ 6 ] [ 7 ] [ 8 ] [ 9 ] [ 10 ]
3995 - [ 0 1 2 3 ] [ 4 5 6 7 ]
50700 - [ 39 ] [ 0 ] [ 1 ] [ 2 ] [ 3 ] [ 4 ]
53383 - [ 8 9 10 11 ] [ 12 13 14 15 ]
58288 - [ 28 29 30 31 ] [ 32 33 34 35 ]
18114 - [ 14 15 ] [ 16 17 ] [ 18 19 ] [ 20 21 ] [ 22 23 ] [ 24 25 ]
18852 - [ 8 9 ] [ 10 11 ] [ 12 13 ] [ 14 15 ] [ 16 17 ] [ 18 19 ]
43358 - [ 26 27 ] [ 28 29 ] [ 30 31 ] [ 32 33 ] [ 34 35 ] [ 36 37 ]
54563 - [ 32 33 34 35 36 37 38 39 ] [ 0 1 2 3 4 5 6 7 ]
15549 - [ 0 1 ] [ 2 3 ] [ 4 5 ] [ 6 7 ] [ 8 9 ] [ 10 11 ]
40779 - [ 24 25 26 27 28 29 30 31 ] [ 32 33 34 35 36 37 38 39 ]
6830 - [ 2 ] [ 3 ] [ 4 ] [ 5 ] [ 6 ] [ 7 ]
34386 - [ 16 ] [ 17 ] [ 18 ] [ 19 ] [ 20 ] [ 21 ]
54933 - [ 0 1 2 3 ] [ 4 5 6 7 ]
52982 - [ 16 17 ] [ 18 19 ] [ 20 21 ] [ 22 23 ] [ 24 25 ] [ 26 27 ]
33929 - [ 0 1 2 3 4 5 6 7 ] [ 8 9 10 11 12 13 14 15 ]
60521 - [ 36 37 38 39 ] [ 0 1 2 3 ]
18202 - [ 32 33 34 35 ] [ 36 37 38 39 ]
24110 - [ 0 1 2 3 ] [ 4 5 6 7 ]
57566 - [ 8 9 10 11 ] [ 12 13 14 15 ]
36115 - [ 18 19 ] [ 20 21 ] [ 22 23 ] [ 24 25 ] [ 26 27 ] [ 28 29 ]
31565 - [ 14 ] [ 15 ] [ 16 ] [ 17 ] [ 18 ] [ 19 ]
8895 - [ 0 1 2 3 4 5 6 7 ] [ 8 9 10 11 12 13 14 15 ]
59179 - [ 27 ] [ 28 ] [ 29 ] [ 30 ] [ 31 ] [ 32 ]
18463 - [ 38 ] [ 39 ] [ 0 ] [ 1 ] [ 2 ] [ 3 ]
61478 - [ 9 ] [ 10 ] [ 11 ] [ 12 ] [ 13 ] [ 14 ]
15829 - [ 20 21 22 23 ] [ 24 25 26 27 ]
22737 - [ 20 21 22 23 ] [ 24 25 26 27 ]
38098 - [ 30 31 ] [ 32 33 ] [ 34 35 ] [ 36 37 ] [ 38 39 ] [ 0 1 ]
54067 - [ 34 ] [ 35 ] [ 36 ] [ 37 ] [ 38 ] [ 39 ]
14339 - [ 11 ] [ 12 ] [ 13 ] [ 14 ] [ 15 ] [ 16 ]
59996 - [ 12 13 ] [ 14 15 ] [ 16 17 ] [ 18 19 ] [ 20 21 ] [ 22 23 ]
61561 - [ 15 ] [ 16 ] [ 17 ] [ 18 ] [ 19 ] [ 20 ]
11085 - [ 21 ] [ 22 ] [ 23 ] [ 24 ] [ 25 ] [ 26 ]
21947 - [ 10 11 ] [ 12 13 ] [ 14 15 ] [ 16 17 ] [ 18 19 ] [ 20 21 ]
55483 - [ 0 1 2 3 4 5 6 7 ] [ 8 9 10 11 12 13 14 15 ]
4147 - [ 36 37 38 39 ] [ 0 1 2 3 ]
15393 - [ 24 ] [ 25 ] [ 26 ] [ 27 ] [ 28 ] [ 29 ]
49837 - [ 36 37 38 39 ] [ 0 1 2 3 ]
6521 - [ 24 25 26 27 28 29 30 31 ] [ 32 33 34 35 36 37 38 39 ]
57939 - [ 24 25 26 27 ] [ 28 29 30 31 ]
27996 - [ 39 ] [ 0 ] [ 1 ] [ 2 ] [ 3 ] [ 4 ]
57303 - [ 0 1 ] [ 2 3 ] [ 4 5 ] [ 6 7 ] [ 8 9 ] [ 10 11 ]
48226 - [ 18 19 ] [ 20 21 ] [ 22 23 ] [ 24 25 ] [ 26 27 ] [ 28 29 ]
52723 - [ 0 1 2 3 ] [ 4 5 6 7 ]
53227 - [ 32 33 ] [ 34 35 ] [ 36 37 ] [ 38 39 ] [ 0 1 ] [ 2 3 ]
28846 - [ 33 ] [ 34 ] [ 35 ] [ 36 ] [ 37 ] [ 38 ]
58804 - [ 21 ] [ 22 ] [ 23 ] [ 24 ] [ 25 ] [ 26 ]
8791 - [ 28 29 30 31 ] [ 32 33 34 35 ]
25587 - [ 10 11 ] [ 12 13 ] [ 14 15 ] [ 16 17 ] [ 18 19 ] [ 20 21 ]
17507 - [ 38 39 ] [ 0 1 ] [ 2 3 ] [ 4 5 ] [ 6 7 ] [ 8 9 ]
62825 - [ 24 25 26 27 ] [ 28 29 30 31 ]
46747 - [ 32 33 ] [ 34 35 ] [ 36 37 ] [ 38 39 ] [ 0 1 ] [ 2 3 ]
58151 - [ 9 ] [ 10 ] [ 11 ] [ 12 ] [ 13 ] [ 14 ]
65235 - [ 2 3 ] [ 4 5 ] [ 6 7 ] [ 8 9 ] [ 10 11 ] [ 12 13 ]
63392 - [ 36 37 38 39 ] [ 0 1 2 3 ]
9137 - [ 32 ] [ 33 ] [ 34 ] [ 35 ] [ 36 ] [ 37 ]
50223 - [ 8 9 10 11 ] [ 12 13 14 15 ]
8018 - [ 0 1 ] [ 2 3 ] [ 4 5 ] [ 6 7 ] [ 8 9 ] [ 10 11 ]
20663 - [ 15 ] [ 16 ] [ 17 ] [ 18 ] [ 19 ] [ 20 ]
55284 - [ 6 7 ] [ 8 9 ] [ 10 11 ] [ 12 13 ] [ 14 15 ] [ 16 17 ]
28017 - [ 19 ] [ 20 ] [ 21 ] [ 22 ] [ 23 ] [ 24 ]
62532 - [ 16 17 18 19 20 21 22 23 ] [ 24 25 26 27 28 29 30 31 ]
25651 - [ 8 9 10 11 12 13 14 15 ] [ 16 17 18 19 20 21 22 23 ]
27521 - [ 34 ] [ 35 ] [ 36 ] [ 37 ] [ 38 ] [ 39 ]
23912 - [ 14 15 ] [ 16 17 ] [ 18 19 ] [ 20 21 ] [ 22 23 ] [ 24 25 ]
43769 - [ 20 21 ] [ 22 23 ] [ 24 25 ] [ 26 27 ] [ 28 29 ] [ 30 31 ]
34072 - [ 2 ] [ 3 ] [ 4 ] [ 5 ] [ 6 ] [ 7 ]
Subframe 6:
46704 - [ 20 21 22 23 ] [ 24 25 26 27 ]
58288 - [ 0 1 2 3 ] [ 4 5 6 7 ]
60521 - [ 24 25 26 27 ] [ 28 29 30 31 ]
48226 - [ 12 13 ] [ 14 15 ] [ 16 17 ] [ 18 19 ] [ 20 21 ] [ 22 23 ]
18978 - [ 15 ] [ 16 ] [ 17 ] [ 18 ] [ 19 ] [ 20 ]
53942 - [ 24 25 26 27 ] [ 28 29 30 31 ]
8713 - [ 8 9 10 11 12 13 14 15 ] [ 16 17 18 19 20 21 22 23 ]
43146 - [ 4 5 6 7 ] [ 8 9 10 11 ]
8791 - [ 8 9 10 11 ] [ 12 13 14 15 ]
34386 - [ 22 ] [ 23 ] [ 24 ] [ 25 ] [ 26 ] [ 27 ]
11085 - [ 3 ] [ 4 ] [ 5 ] [ 6 ] [ 7 ] [ 8 ]
37235 - [ 24 25 26 27 ] [ 28 29 30 31 ]
18852 - [ 30 31 ] [ 32 33 ] [ 34 35 ] [ 36 37 ] [ 38 39 ] [ 0 1 ]
53227 - [ 2 3 ] [ 4 5 ] [ 6 7 ] [ 8 9 ] [ 10 11 ] [ 12 13 ]
8895 - [ 0 1 2 3 4 5 6 7 ] [ 8 9 10 11 12 13 14 15 ]
36115 - [ 30 31 ] [ 32 33 ] [ 34 35 ] [ 36 37 ] [ 38 39 ] [ 0 1 ]
54067 - [ 5 ] [ 6 ] [ 7 ] [ 8 ] [ 9 ] [ 10 ]
57303 - [ 6 7 ] [ 8 9 ] [ 10 11 ] [ 12 13 ] [ 14 15 ] [ 16 17 ]
46606 - [ 8 9 10 11 ] [ 12 13 14 15 ]
15829 - [ 28 29 30 31 ] [ 32 33 34 35 ]
54933 - [ 4 5 6 7 ] [ 8 9 10 11 ]
27996 - [ 2 ] [ 3 ] [ 4 ] [ 5 ] [ 6 ] [ 7 ]
50019 - [ 33 ] [ 34 ] [ 35 ] [ 36 ] [ 37 ] [ 38 ]
31565 - [ 22 ] [ 23 ] [ 24 ] [ 25 ] [ 26 ] [ 27 ]
50662 - [ 34 ] [ 35 ] [ 36 ] [ 37 ] [ 38 ] [ 39 ]
49837 - [ 36 37 38 39 ] [ 0 1 2 3 ]
6521 - [ 8 9 10 11 12 13 14 15 ] [ 16 17 18 19 20 21 22 23 ]
54563 - [ 24 25 26 27 28 29 30 31 ] [ 32 33 34 35 36 37 38 39 ]
19441 - [ 20 21 ] [ 22 23 ] [ 24 25 ] [ 26 27 ] [ 28 29 ] [ 30 31 ]
25587 - [ 14 15 ] [ 16 17 ] [ 18 19 ] [ 20 21 ] [ 22 23 ] [ 24 25 ]
53893 - [ 22 23 ] [ 24 25 ] [ 26 27 ] [ 28 29 ] [ 30 31 ] [ 32 33 ]
25791 - [ 12 13 14 15 ] [ 16 17 18 19 ]
14339 - [ 23 ] [ 24 ] [ 25 ] [ 26 ] [ 27 ] [ 28 ]
3820 - [ 9 ] [ 10 ] [ 11 ] [ 12 ] [ 13 ] [ 14 ]
43009 - [ 30 31 ] [ 32 33 ] [ 34 35 ] [ 36 37 ] [ 38 39 ] [ 0 1 ]
9137 - [ 18 ] [ 19 ] [ 20 ] [ 21 ] [ 22 ] [ 23 ]
61561 - [ 36 ] [ 37 ] [ 38 ] [ 39 ] [ 0 ] [ 1 ]
55483 - [ 24 25 26 27 28 29 30 31 ] [ 32 33 34 35 36 37 38 39 ]
61478 - [ 9 ] [ 10 ] [ 11 ] [ 12 ] [ 13 ] [ 14 ]
23912 - [ 6 7 ] [ 8 9 ] [ 10 11 ] [ 12 13 ] [ 14 15 ] [ 16 17 ]
24110 - [ 16 17 18 19 ] [ 20 21 22 23 ]
55284 - [ 36 37 ] [ 38 39 ] [ 0 1 ] [ 2 3 ] [ 4 5 ] [ 6 7 ]
62532 - [ 8 9 10 11 12 13 14 15 ] [ 16 17 18 19 20 21 22 23 ]
43769 - [ 16 17 ] [ 18 19 ] [ 20 21 ] [ 22 23 ] [ 24 25 ] [ 26 27 ]
8018 - [ 2 3 ] [ 4 5 ] [ 6 7 ] [ 8 9 ] [ 10 11 ] [ 12 13 ]
52723 - [ 4 5 6 7 ] [ 8 9 10 11 ]
23395 - [ 36 37 38 39 ] [ 0 1 2 3 ]
57875 - [ 7 ] [ 8 ] [ 9 ] [ 10 ] [ 11 ] [ 12 ]
58690 - [ 0 1 ] [ 2 3 ] [ 4 5 ] [ 6 7 ] [ 8 9 ] [ 10 11 ]
58804 - [ 13 ] [ 14 ] [ 15 ] [ 16 ] [ 17 ] [ 18 ]
35815 - [ 18 ] [ 19 ] [ 20 ] [ 21 ] [ 22 ] [ 23 ]
20663 - [ 4 ] [ 5 ] [ 6 ] [ 7 ] [ 8 ] [ 9 ]
30542 - [ 33 ] [ 34 ] [ 35 ] [ 36 ] [ 37 ] [ 38 ]
17507 - [ 34 35 ] [ 36 37 ] [ 38 39 ] [ 0 1 ] [ 2 3 ] [ 4 5 ]
7355 - [ 28 29 30 31 ] [ 32 33 34 35 ]
42644 - [ 33 ] [ 34 ] [ 35 ] [ 36 ] [ 37 ] [ 38 ]
62825 - [ 8 9 10 11 ] [ 12 13 14 15 ]
46747 - [ 16 17 ] [ 18 19 ] [ 20 21 ] [ 22 23 ] [ 24 25 ] [ 26 27 ]
33929 - [ 16 17 18 19 20 21 22 23 ] [ 24 25 26 27 28 29 30 31 ]
22737 - [ 8 9 10 11 ] [ 12 13 14 15 ]
8329 - [ 22 23 ] [ 24 25 ] [ 26 27 ] [ 28 29 ] [ 30 31 ] [ 32 33 ]
63392 - [ 8 9 10 11 ] [ 12 13 14 15 ]
28846 - [ 8 ] [ 9 ] [ 10 ] [ 11 ] [ 12 ] [ 13 ]
18114 - [ 34 35 ] [ 36 37 ] [ 38 39 ] [ 0 1 ] [ 2 3 ] [ 4 5 ]
43358 - [ 34 35 ] [ 36 37 ] [ 38 39 ] [ 0 1 ] [ 2 3 ] [ 4 5 ]
57939 - [ 32 33 34 35 ] [ 36 37 38 39 ]
50170 - [ 1 ] [ 2 ] [ 3 ] [ 4 ] [ 5 ] [ 6 ]
53597 - [ 16 17 18 19 ] [ 20 21 22 23 ]
58671 - [ 32 33 34 35 36 37 38 39 ] [ 0 1 2 3 4 5 6 7 ]
52982 - [ 14 15 ] [ 16 17 ] [ 18 19 ] [ 20 21 ] [ 22 23 ] [ 24 25 ]
47788 - [ 2 ] [ 3 ] [ 4 ] [ 5 ] [ 6 ] [ 7 ]
58151 - [ 4 ] [ 5 ] [ 6 ] [ 7 ] [ 8 ] [ 9 ]
62820 - [ 8 ] [ 9 ] [ 10 ] [ 11 ] [ 12 ] [ 13 ]
21947 - [ 14 15 ] [ 16 17 ] [ 18 19 ] [ 20 21 ] [ 22 23 ] [ 24 25 ]
4147 - [ 36 37 38 39 ] [ 0 1 2 3 ]
62827 - [ 17 ] [ 18 ] [ 19 ] [ 20 ] [ 21 ] [ 22 ]
65235 - [ 36 37 ] [ 38 39 ] [ 0 1 ] [ 2 3 ] [ 4 5 ] [ 6 7 ]
18463 - [ 19 ] [ 20 ] [ 21 ] [ 22 ] [ 23 ] [ 24 ]
53383 - [ 12 13 14 15 ] [ 16 17 18 19 ]
28017 - [ 23 ] [ 24 ] [ 25 ] [ 26 ] [ 27 ] [ 28 ]
57566 - [ 36 37 38 39 ] [ 0 1 2 3 ]
25651 - [ 8 9 10 11 12 13 14 15 ] [ 16 17 18 19 20 21 22 23 ]
42880 - [ 16 ] [ 17 ] [ 18 ] [ 19 ] [ 20 ] [ 21 ]
50700 - [ 26 ] [ 27 ] [ 28 ] [ 29 ] [ 30 ] [ 31 ]
4985 - [ 38 ] [ 39 ] [ 0 ] [ 1 ] [ 2 ] [ 3 ]
15549 - [ 20 21 ] [ 22 23 ] [ 24 25 ] [ 26 27 ] [ 28 29 ] [ 30 31 ]
63682 - [ 16 17 18 19 ] [ 20 21 22 23 ]
15393 - [ 18 ] [ 19 ] [ 20 ] [ 21 ] [ 22 ] [ 23 ]
29893 - [ 28 29 30 31 ] [ 32 33 34 35 ]
38098 - [ 26 27 ] [ 28 29 ] [ 30 31 ] [ 32 33 ] [ 34 35 ] [ 36 37 ]
34072 - [ 33 ] [ 34 ] [ 35 ] [ 36 ] [ 37 ] [ 38 ]
27521 - [ 20 ] [ 21 ] [ 22 ] [ 23 ] [ 24 ] [ 25 ]
6830 - [ 26 ] [ 27 ] [ 28 ] [ 29 ] [ 30 ] [ 31 ]
3995 - [ 28 29 30 31 ] [ 32 33 34 35 ]
59179 - [ 37 ] [ 38 ] [ 39 ] [ 0 ] [ 1 ] [ 2 ]
8165 - [ 36 37 38 39 ] [ 0 1 2 3 ]
59996 - [ 30 31 ] [ 32 33 ] [ 34 35 ] [ 36 37 ] [ 38 39 ] [ 0 1 ]
40779 - [ 24 25 26 27 28 29 30 31 ] [ 32 33 34 35 36 37 38 39 ]
50223 - [ 36 37 38 39 ] [ 0 1 2 3 ]
18202 - [ 20 21 22 23 ] [ 24 25 26 27 ]
Subframe 7:
57303 - [ 28 29 ] [ 30 31 ] [ 32 33 ] [ 34 35 ] [ 36 37 ] [ 38 39 ]
38098 - [ 4 5 ] [ 6 7 ] [ 8 9 ] [ 10 11 ] [ 12 13 ] [ 14 15 ]
55483 - [ 0 1 2 3 4 5 6 7 ] [ 8 9 10 11 12 13 14 15 ]
50662 - [ 36 ] [ 37 ] [ 38 ] [ 39 ] [ 0 ] [ 1 ]
8791 - [ 8 9 10 11 ] [ 12 13 14 15 ]
3820 - [ 18 ] [ 19 ] [ 20 ] [ 21 ] [ 22 ] [ 23 ]
62827 - [ 7 ] [ 8 ] [ 9 ] [ 10 ] [ 11 ] [ 12 ]
8018 - [ 28 29 ] [ 30 31 ] [ 32 33 ] [ 34 35 ] [ 36 37 ] [ 38 39 ]
7355 - [ 16 17 18 19 ] [ 20 21 22 23 ]
58804 - [ 2 ] [ 3 ] [ 4 ] [ 5 ] [ 6 ] [ 7 ]
9137 - [ 31 ] [ 32 ] [ 33 ] [ 34 ] [ 35 ] [ 36 ]
34386 - [ 27 ] [ 28 ] [ 29 ] [ 30 ] [ 31 ] [ 32 ]
47788 - [ 22 ] [ 23 ] [ 24 ] [ 25 ] [ 26 ] [ 27 ]
40779 - [ 32 33 34 35 36 37 38 39 ] [ 0 1 2 3 4 5 6 7 ]
55284 - [ 20 21 ] [ 22 23 ] [ 24 25 ] [ 26 27 ] [ 28 29 ] [ 30 31 ]
11085 - [ 37 ] [ 38 ] [ 39 ] [ 0 ] [ 1 ] [ 2 ]
59996 - [ 24 25 ] [ 26 27 ] [ 28 29 ] [ 30 31 ] [ 32 33 ] [ 34 35 ]
58690 - [ 16 17 ] [ 18 19 ] [ 20 21 ] [ 22 23 ] [ 24 25 ] [ 26 27 ]
48226 - [ 22 23 ] [ 24 25 ] [ 26 27 ] [ 28 29 ] [ 30 31 ] [ 32 33 ]
54563 - [ 16 17 18 19 20 21 22 23 ] [ 24 25 26 27 28 29 30 31 ]
35815 - [ 14 ] [ 15 ] [ 16 ] [ 17 ] [ 18 ] [ 19 ]
17507 - [ 4 5 ] [ 6 7 ] [ 8 9 ] [ 10 11 ] [ 12 13 ] [ 14 15 ]
8713 - [ 24 25 26 27 28 29 30 31 ] [ 32 33 34 35 36 37 38 39 ]
3995 - [ 24 25 26 27 ] [ 28 29 30 31 ]
23912 - [ 24 25 ] [ 26 27 ] [ 28 29 ] [ 30 31 ] [ 32 33 ] [ 34 35 ]
36115 - [ 0 1 ] [ 2 3 ] [ 4 5 ] [ 6 7 ] [ 8 9 ] [ 10 11 ]
15829 - [ 32 33 34 35 ] [ 36 37 38 39 ]
23395 - [ 20 21 22 23 ] [ 24 25 26 27 ]
8895 - [ 24 25 26 27 28 29 30 31 ] [ 32 33 34 35 36 37 38 39 ]
59179 - [ 36 ] [ 37 ] [ 38 ] [ 39 ] [ 0 ] [ 1 ]
46704 - [ 32 33 34 35 ] [ 36 37 38 39 ]
27996 - [ 34 ] [ 35 ] [ 36 ] [ 37 ] [ 38 ] [ 39 ]
28017 - [ 39 ] [ 0 ] [ 1 ] [ 2 ] [ 3 ] [ 4 ]
53893 - [ 6 7 ] [ 8 9 ] [ 10 11 ] [ 12 13 ] [ 14 15 ] [ 16 17 ]
4147 - [ 28 29 30 31 ] [ 32 33 34 35 ]
33929 - [ 8 9 10 11 12 13 14 15 ] [ 16 17 18 19 20 21 22 23 ]
18202 - [ 4 5 6 7 ] [ 8 9 10 11 ]
25791 - [ 32 33 34 35 ] [ 36 37 38 39 ]
24110 - [ 0 1 2 3 ] [ 4 5 6 7 ]
18852 - [ 18 19 ] [ 20 21 ] [ 22 23 ] [ 24 25 ] [ 26 27 ] [ 28 29 ]
28846 - [ 8 ] [ 9 ] [ 10 ] [ 11 ] [ 12 ] [ 13 ]
20663 - [ 1 ] [ 2 ] [ 3 ] [ 4 ] [ 5 ] [ 6 ]
37235 - [ 24 25 26 27 ] [ 28 29 30 31 ]
60521 - [ 36 37 38 39 ] [ 0 1 2 3 ]
49837 - [ 0 1 2 3 ] [ 4 5 6 7 ]
27521 - [ 37 ] [ 38 ] [ 39 ] [ 0 ] [ 1 ] [ 2 ]
25651 - [ 24 25 26 27 28 29 30 31 ] [ 32 33 34 35 36 37 38 39 ]
6521 - [ 8 9 10 11 12 13 14 15 ] [ 16 17 18 19 20 21 22 23 ]
46747 - [ 28 29 ] [ 30 31 ] [ 32 33 ] [ 34 35 ] [ 36 37 ] [ 38 39 ]
29893 - [ 16 17 18 19 ] [ 20 21 22 23 ]
18114 - [ 22 23 ] [ 24 25 ] [ 26 27 ] [ 28 29 ] [ 30 31 ] [ 32 33 ]
43009 - [ 36 37 ] [ 38 39 ] [ 0 1 ] [ 2 3 ] [ 4 5 ] [ 6 7 ]
50223 - [ 4 5 6 7 ] [ 8 9 10 11 ]
58151 - [ 30 ] [ 31 ] [ 32 ] [ 33 ] [ 34 ] [ 35 ]
30542 - [ 23 ] [ 24 ] [ 25 ] [ 26 ] [ 27 ] [ 28 ]
52982 - [ 30 31 ] [ 32 33 ] [ 34 35 ] [ 36 37 ] [ 38 39 ] [ 0 1 ]
50170 - [ 24 ] [ 25 ] [ 26 ] [ 27 ] [ 28 ] [ 29 ]
54067 - [ 5 ] [ 6 ] [ 7 ] [ 8 ] [ 9 ] [ 10 ]
62532 - [ 0 1 2 3 4 5 6 7 ] [ 8 9 10 11 12 13 14 15 ]
43146 - [ 36 37 38 39 ] [ 0 1 2 3 ]
8165 - [ 12 13 14 15 ] [ 16 17 18 19 ]
8329 - [ 14 15 ] [ 16 17 ] [ 18 19 ] [ 20 21 ] [ 22 23 ] [ 24 25 ]
31565 - [ 30 ] [ 31 ] [ 32 ] [ 33 ] [ 34 ] [ 35 ]
63392 - [ 36 37 38 39 ] [ 0 1 2 3 ]
42880 - [ 27 ] [ 28 ] [ 29 ] [ 30 ] [ 31 ] [ 32 ]
63682 - [ 0 1 2 3 ] [ 4 5 6 7 ]
43358 - [ 22 23 ] [ 24 25 ] [ 26 27 ] [ 28 29 ] [ 30 31 ] [ 32 33 ]
58288 - [ 16 17 18 19 ] [ 20 21 22 23 ]
61478 - [ 10 ] [ 11 ] [ 12 ] [ 13 ] [ 14 ] [ 15 ]
62820 - [ 13 ] [ 14 ] [ 15 ] [ 16 ] [ 17 ] [ 18 ]
21947 - [ 22 23 ] [ 24 25 ] [ 26 27 ] [ 28 29 ] [ 30 31 ] [ 32 33 ]
15549 - [ 30 31 ] [ 32 33 ] [ 34 35 ] [ 36 37 ] [ 38 39 ] [ 0 1 ]
50019 - [ 22 ] [ 23 ] [ 24 ] [ 25 ] [ 26 ] [ 27 ]
22737 - [ 16 17 18 19 ] [ 20 21 22 23 ]
43769 - [ 14 15 ] [ 16 17 ] [ 18 19 ] [ 20 21 ] [ 22 23 ] [ 24 25 ]
50700 - [ 33 ] [ 34 ] [ 35 ] [ 36 ] [ 37 ] [ 38 ]
15393 - [ 14 ] [ 15 ] [ 16 ] [ 17 ] [ 18 ] [ 19 ]
46606 - [ 0 1 2 3 ] [ 4 5 6 7 ]
34072 - [ 30 ] [ 31 ] [ 32 ] [ 33 ] [ 34 ] [ 35 ]
19441 - [ 34 35 ] [ 36 37 ] [ 38 39 ] [ 0 1 ] [ 2 3 ] [ 4 5 ]
18463 - [ 4 ] [ 5 ] [ 6 ] [ 7 ] [ 8 ] [ 9 ]
14339 - [ 27 ] [ 28 ] [ 29 ] [ 30 ] [ 31 ] [ 32 ]
65235 - [ 32 33 ] [ 34 35 ] [ 36 37 ] [ 38 39 ] [ 0 1 ] [ 2 3 ]
52723 - [ 28 29 30 31 ] [ 32 33 34 35 ]
53942 - [ 28 29 30 31 ] [ 32 33 34 35 ]
25587 - [ 4 5 ] [ 6 7 ] [ 8 9 ] [ 10 11 ] [ 12 13 ] [ 14 15 ]
53597 - [ 28 29 30 31 ] [ 32 33 34 35 ]
42644 - [ 2 ] [ 3 ] [ 4 ] [ 5 ] [ 6 ] [ 7 ]
62825 - [ 8 9 10 11 ] [ 12 13 14 15 ]
4985 - [ 15 ] [ 16 ] [ 17 ] [ 18 ] [ 19 ] [ 20 ]
57566 - [ 8 9 10 11 ] [ 12 13 14 15 ]
61561 - [ 38 ] [ 39 ] [ 0 ] [ 1 ] [ 2 ] [ 3 ]
57939 - [ 4 5 6 7 ] [ 8 9 10 11 ]
53227 - [ 24 25 ] [ 26 27 ] [ 28 29 ] [ 30 31 ] [ 32 33 ] [ 34 35 ]
18978 - [ 33 ] [ 34 ] [ 35 ] [ 36 ] [ 37 ] [ 38 ]
58671 - [ 8 9 10 11 12 13 14 15 ] [ 16 17 18 19 20 21 22 23 ]
57875 - [ 30 ] [ 31 ] [ 32 ] [ 33 ] [ 34 ] [ 35 ]
6830 - [ 14 ] [ 15 ] [ 16 ] [ 17 ] [ 18 ] [ 19 ]
54933 - [ 20 21 22 23 ] [ 24 25 26 27 ]
53383 - [ 12 13 14 15 ] [ 16 17 18 19 ]
Subframe 8:
40779 - [ 24 25 26 27 28 29 30 31 ] [ 32 33 34 35 36 37 38 39 ]
58690 - [ 24 25 ] [ 26 27 ] [ 28 29 ] [ 30 31 ] [ 32 33 ] [ 34 35 ]
17507 - [ 2 3 ] [ 4 5 ] [ 6 7 ] [ 8 9 ] [ 10 11 ] [ 12 13 ]
60521 - [ 32 33 34 35 ] [ 36 37 38 39 ]
50019 - [ 13 ] [ 14 ] [ 15 ] [ 16 ] [ 17 ] [ 18 ]
4147 - [ 16 17 18 19 ] [ 20 21 22 23 ]
53597 - [ 4 5 6 7 ] [ 8 9 10 11 ]
9137 - [ 16 ] [ 17 ] [ 18 ] [ 19 ] [ 20 ] [ 21 ]
58288 - [ 36 37 38 39 ] [ 0 1 2 3 ]
62532 - [ 16 17 18 19 20 21 22 23 ] [ 24 25 26 27 28 29 30 31 ]
31565 - [ 30 ] [ 31 ] [ 32 ] [ 33 ] [ 34 ] [ 35 ]
43769 - [ 36 37 ] [ 38 39 ] [ 0 1 ] [ 2 3 ] [ 4 5 ] [ 6 7 ]
46747 - [ 2 3 ] [ 4 5 ] [ 6 7 ] [ 8 9 ] [ 10 11 ] [ 12 13 ]
6830 - [ 33 ] [ 34 ] [ 35 ] [ 36 ] [ 37 ] [ 38 ]
4985 - [ 7 ] [ 8 ] [ 9 ] [ 10 ] [ 11 ] [ 12 ]
62820 - [ 34 ] [ 35 ] [ 36 ] [ 37 ] [ 38 ] [ 39 ]
50170 - [ 6 ] [ 7 ] [ 8 ] [ 9 ] [ 10 ] [ 11 ]
52982 - [ 22 23 ] [ 24 25 ] [ 26 27 ] [ 28 29 ] [ 30 31 ] [ 32 33 ]
34072 - [ 1 ] [ 2 ] [ 3 ] [ 4 ] [ 5 ] [ 6 ]
22737 - [ 20 21 22 23 ] [ 24 25 26 27 ]
15829 - [ 32 33 34 35 ] [ 36 37 38 39 ]
48226 - [ 2 3 ] [ 4 5 ] [ 6 7 ] [ 8 9 ] [ 10 11 ] [ 12 13 ]
37235 - [ 16 17 18 19 ] [ 20 21 22 23 ]
47788 - [ 4 ] [ 5 ] [ 6 ] [ 7 ] [ 8 ] [ 9 ]
36115 - [ 4 5 ] [ 6 7 ] [ 8 9 ] [ 10 11 ] [ 12 13 ] [ 14 15 ]
61478 - [ 17 ] [ 18 ] [ 19 ] [ 20 ] [ 21 ] [ 22 ]
23912 - [ 18 19 ] [ 20 21 ] [ 22 23 ] [ 24 25 ] [ 26 27 ] [ 28 29 ]
3995 - [ 24 25 26 27 ] [ 28 29 30 31 ]
57875 - [ 4 ] [ 5 ] [ 6 ] [ 7 ] [ 8 ] [ 9 ]
46704 - [ 36 37 38 39 ] [ 0 1 2 3 ]
53942 - [ 8 9 10 11 ] [ 12 13 14 15 ]
35815 - [ 23 ] [ 24 ] [ 25 ] [ 26 ] [ 27 ] [ 28 ]
27996 - [ 24 ] [ 25 ] [ 26 ] [ 27 ] [ 28 ] [ 29 ]
55284 - [ 38 39 ] [ 0 1 ] [ 2 3 ] [ 4 5 ] [ 6 7 ] [ 8 9 ]
8329 - [ 26 27 ] [ 28 29 ] [ 30 31 ] [ 32 33 ] [ 34 35 ] [ 36 37 ]
19441 - [ 32 33 ] [ 34 35 ] [ 36 37 ] [ 38 39 ] [ 0 1 ] [ 2 3 ]
7355 - [ 36 37 38 39 ] [ 0 1 2 3 ]
11085 - [ 1 ] [ 2 ] [ 3 ] [ 4 ] [ 5 ] [ 6 ]
43009 - [ 24 25 ] [ 26 27 ] [ 28 29 ] [ 30 31 ] [ 32 33 ] [ 34 35 ]
63682 - [ 16 17 18 19 ] [ 20 21 22 23 ]
18463 - [ 35 ] [ 36 ] [ 37 ] [ 38 ] [ 39 ] [ 0 ]
25651 - [ 32 33 34 35 36 37 38 39 ] [ 0 1 2 3 4 5 6 7 ]
18114 - [ 8 9 ] [ 10 11 ] [ 12 13 ] [ 14 15 ] [ 16 17 ] [ 18 19 ]
50662 - [ 13 ] [ 14 ] [ 15 ] [ 16 ] [ 17 ] [ 18 ]
53893 - [ 20 21 ] [ 22 23 ] [ 24 25 ] [ 26 27 ] [ 28 29 ] [ 30 31 ]
53383 - [ 24 25 26 27 ] [ 28 29 30 31 ]
57566 - [ 0 1 2 3 ] [ 4 5 6 7 ]
62827 - [ 39 ] [ 0 ] [ 1 ] [ 2 ] [ 3 ] [ 4 ]
54563 - [ 0 1 2 3 4 5 6 7 ] [ 8 9 10 11 12 13 14 15 ]
3820 - [ 13 ] [ 14 ] [ 15 ] [ 16 ] [ 17 ] [ 18 ]
43358 - [ 6 7 ] [ 8 9 ] [ 10 11 ] [ 12 13 ] [ 14 15 ] [ 16 17 ]
58671 - [ 16 17 18 19 20 21 22 23 ] [ 24 25 26 27 28 29 30 31 ]
33929 - [ 0 1 2 3 4 5 6 7 ] [ 8 9 10 11 12 13 14 15 ]
34386 - [ 7 ] [ 8 ] [ 9 ] [ 10 ] [ 11 ] [ 12 ]
28846 - [ 34 ] [ 35 ] [ 36 ] [ 37 ] [ 38 ] [ 39 ]
18978 - [ 24 ] [ 25 ] [ 26 ] [ 27 ] [ 28 ] [ 29 ]
24110 - [ 16 17 18 19 ] [ 20 21 22 23 ]
54933 - [ 32 33 34 35 ] [ 36 37 38 39 ]
8895 - [ 32 33 34 35 36 37 38 39 ] [ 0 1 2 3 4 5 6 7 ]
52723 - [ 16 17 18 19 ] [ 20 21 22 23 ]
14339 - [ 23 ] [ 24 ] [ 25 ] [ 26 ] [ 27 ] [ 28 ]
29893 - [ 28 29 30 31 ] [ 32 33 34 35 ]
28017 - [ 39 ] [ 0 ] [ 1 ] [ 2 ] [ 3 ] [ 4 ]
18852 - [ 6 7 ] [ 8 9 ] [ 10 11 ] [ 12 13 ] [ 14 15 ] [ 16 17 ]
8791 - [ 0 1 2 3 ] [ 4 5 6 7 ]
38098 - [ 18 19 ] [ 20 21 ] [ 22 23 ] [ 24 25 ] [ 26 27 ] [ 28 29 ]
23395 - [ 0 1 2 3 ] [ 4 5 6 7 ]
30542 - [ 17 ] [ 18 ] [ 19 ] [ 20 ] [ 21 ] [ 22 ]
25587 - [ 34 35 ] [ 36 37 ] [ 38 39 ] [ 0 1 ] [ 2 3 ] [ 4 5 ]
58151 - [ 23 ] [ 24 ] [ 25 ] [ 26 ] [ 27 ] [ 28 ]
21947 - [ 24 25 ] [ 26 27 ] [ 28 29 ] [ 30 31 ] [ 32 33 ] [ 34 35 ]
59179 - [ 11 ] [ 12 ] [ 13 ] [ 14 ] [ 15 ] [ 16 ]
42644 - [ 21 ] [ 22 ] [ 23 ] [ 24 ] [ 25 ] [ 26 ]
57303 - [ 6 7 ] [ 8 9 ] [ 10 11 ] [ 12 13 ] [ 14 15 ] [ 16 17 ]
63392 - [ 8 9 10 11 ] [ 12 13 14 15 ]
57939 - [ 32 33 34 35 ] [ 36 37 38 39 ]
59996 - [ 18 19 ] [ 20 21 ] [ 22 23 ] [ 24 25 ] [ 26 27 ] [ 28 29 ]
65235 - [ 22 23 ] [ 24 25 ] [ 26 27 ] [ 28 29 ] [ 30 31 ] [ 32 33 ]
58804 - [ 13 ] [ 14 ] [ 15 ] [ 16 ] [ 17 ] [ 18 ]
43146 - [ 32 33 34 35 ] [ 36 37 38 39 ]
62825 - [ 36 37 38 39 ] [ 0 1 2 3 ]
8018 - [ 18 19 ] [ 20 21 ] [ 22 23 ] [ 24 25 ] [ 26 27 ] [ 28 29 ]
15549 - [ 18 19 ] [ 20 21 ] [ 22 23 ] [ 24 25 ] [ 26 27 ] [ 28 29 ]
46606 - [ 20 21 22 23 ] [ 24 25 26 27 ]
42880 - [ 6 ] [ 7 ] [ 8 ] [ 9 ] [ 10 ] [ 11 ]
25791 - [ 8 9 10 11 ] [ 12 13 14 15 ]
27521 - [ 12 ] [ 13 ] [ 14 ] [ 15 ] [ 16 ] [ 17 ]
8165 - [ 20 21 22 23 ] [ 24 25 26 27 ]
54067 - [ 28 ] [ 29 ] [ 30 ] [ 31 ] [ 32 ] [ 33 ]
53227 - [ 16 17 ] [ 18 19 ] [ 20 21 ] [ 22 23 ] [ 24 25 ] [ 26 27 ]
61561 - [ 36 ] [ 37 ] [ 38 ] [ 39 ] [ 0 ] [ 1 ]
20663 - [ 22 ] [ 23 ] [ 24 ] [ 25 ] [ 26 ] [ 27 ]
50223 - [ 32 33 34 35 ] [ 36 37 38 39 ]
49837 - [ 20 21 22 23 ] [ 24 25 26 27 ]
55483 - [ 32 33 34 35 36 37 38 39 ] [ 0 1 2 3 4 5 6 7 ]
6521 - [ 32 33 34 35 36 37 38 39 ] [ 0 1 2 3 4 5 6 7 ]
8713 - [ 8 9 10 11 12 13 14 15 ] [ 16 17 18 19 20 21 22 23 ]
50700 - [ 0 ] [ 1 ] [ 2 ] [ 3 ] [ 4 ] [ 5 ]
15393 - [ 18 ] [ 19 ] [ 20 ] [ 21 ] [ 22 ] [ 23 ]
18202 - [ 32 33 34 35 ] [ 36 37 38 39 ]
Subframe 9:
59179 - [ 29 ] [ 30 ] [ 31 ] [ 32 ] [ 33 ] [ 34 ]
50019 - [ 17 ] [ 18 ] [ 19 ] [ 20 ] [ 21 ] [ 22 ]
61561 - [ 9 ] [ 10 ] [ 11 ] [ 12 ] [ 13 ] [ 14 ]
61478 - [ 14 ] [ 15 ] [ 16 ] [ 17 ] [ 18 ] [ 19 ]
52982 - [ 10 11 ] [ 12 13 ] [ 14 15 ] [ 16 17 ] [ 18 19 ] [ 20 21 ]
21947 - [ 18 19 ] [ 20 21 ] [ 22 23 ] [ 24 25 ] [ 26 27 ] [ 28 29 ]
20663 - [ 15 ] [ 16 ] [ 17 ] [ 18 ] [ 19 ] [ 20 ]
43769 - [ 4 5 ] [ 6 7 ] [ 8 9 ] [ 10 11 ] [ 12 13 ] [ 14 15 ]
18202 - [ 36 37 38 39 ] [ 0 1 2 3 ]
34072 - [ 14 ] [ 15 ] [ 16 ] [ 17 ] [ 18 ] [ 19 ]
42644 - [ 7 ] [ 8 ] [ 9 ] [ 10 ] [ 11 ] [ 12 ]
65235 - [ 2 3 ] [ 4 5 ] [ 6 7 ] [ 8 9 ] [ 10 11 ] [ 12 13 ]
7355 - [ 20 21 22 23 ] [ 24 25 26 27 ]
47788 - [ 15 ] [ 16 ] [ 17 ] [ 18 ] [ 19 ] [ 20 ]
38098 - [ 2 3 ] [ 4 5 ] [ 6 7 ] [ 8 9 ] [ 10 11 ] [ 12 13 ]
37235 - [ 8 9 10 11 ] [ 12 13 14 15 ]
53893 - [ 4 5 ] [ 6 7 ] [ 8 9 ] [ 10 11 ] [ 12 13 ] [ 14 15 ]
53383 - [ 20 21 22 23 ] [ 24 25 26 27 ]
14339 - [ 27 ] [ 28 ] [ 29 ] [ 30 ] [ 31 ] [ 32 ]
53227 - [ 22 23 ] [ 24 25 ] [ 26 27 ] [ 28 29 ] [ 30 31 ] [ 32 33 ]
18114 - [ 36 37 ] [ 38 39 ] [ 0 1 ] [ 2 3 ] [ 4 5 ] [ 6 7 ]
52723 - [ 4 5 6 7 ] [ 8 9 10 11 ]
25791 - [ 0 1 2 3 ] [ 4 5 6 7 ]
9137 - [ 19 ] [ 20 ] [ 21 ] [ 22 ] [ 23 ] [ 24 ]
55284 - [ 10 11 ] [ 12 13 ] [ 14 15 ] [ 16 17 ] [ 18 19 ] [ 20 21 ]
57566 - [ 0 1 2 3 ] [ 4 5 6 7 ]
55483 - [ 8 9 10 11 12 13 14 15 ] [ 16 17 18 19 20 21 22 23 ]
29893 - [ 32 33 34 35 ] [ 36 37 38 39 ]
50170 - [ 18 ] [ 19 ] [ 20 ] [ 21 ] [ 22 ] [ 23 ]
33929 - [ 32 33 34 35 36 37 38 39 ] [ 0 1 2 3 4 5 6 7 ]
18978 - [ 11 ] [ 12 ] [ 13 ] [ 14 ] [ 15 ] [ 16 ]
57303 - [ 34 35 ] [ 36 37 ] [ 38 39 ] [ 0 1 ] [ 2 3 ] [ 4 5 ]
58804 - [ 4 ] [ 5 ] [ 6 ] [ 7 ] [ 8 ] [ 9 ]
22737 - [ 36 37 38 39 ] [ 0 1 2 3 ]
43358 - [ 12 13 ] [ 14 15 ] [ 16 17 ] [ 18 19 ] [ 20 21 ] [ 22 23 ]
54933 - [ 16 17 18 19 ] [ 20 21 22 23 ]
46606 - [ 28 29 30 31 ] [ 32 33 34 35 ]
28846 - [ 35 ] [ 36 ] [ 37 ] [ 38 ] [ 39 ] [ 0 ]
3820 - [ 24 ] [ 25 ] [ 26 ] [ 27 ] [ 28 ] [ 29 ]
62820 - [ 2 ] [ 3 ] [ 4 ] [ 5 ] [ 6 ] [ 7 ]
57875 - [ 0 ] [ 1 ] [ 2 ] [ 3 ] [ 4 ] [ 5 ]
27996 - [ 27 ] [ 28 ] [ 29 ] [ 30 ] [ 31 ] [ 32 ]
58288 - [ 28 29 30 31 ] [ 32 33 34 35 ]
28017 - [ 6 ] [ 7 ] [ 8 ] [ 9 ] [ 10 ] [ 11 ]
19441 - [ 34 35 ] [ 36 37 ] [ 38 39 ] [ 0 1 ] [ 2 3 ] [ 4 5 ]
15829 - [ 4 5 6 7 ] [ 8 9 10 11 ]
42880 - [ 28 ] [ 29 ] [ 30 ] [ 31 ] [ 32 ] [ 33 ]
49837 - [ 4 5 6 7 ] [ 8 9 10 11 ]
40779 - [ 0 1 2 3 4 5 6 7 ] [ 8 9 10 11 12 13 14 15 ]
34386 - [ 30 ] [ 31 ] [ 32 ] [ 33 ] [ 34 ] [ 35 ]
8165 - [ 12 13 14 15 ] [ 16 17 18 19 ]
17507 - [ 16 17 ] [ 18 19 ] [ 20 21 ] [ 22 23 ] [ 24 25 ] [ 26 27 ]
54563 - [ 16 17 18 19 20 21 22 23 ] [ 24 25 26 27 28 29 30 31 ]
11085 - [ 13 ] [ 14 ] [ 15 ] [ 16 ] [ 17 ] [ 18 ]
8895 - [ 24 25 26 27 28 29 30 31 ] [ 32 33 34 35 36 37 38 39 ]
60521 - [ 28 29 30 31 ] [ 32 33 34 35 ]
25651 - [ 16 17 18 19 20 21 22 23 ] [ 24 25 26 27 28 29 30 31 ]
58151 - [ 34 ] [ 35 ] [ 36 ] [ 37 ] [ 38 ] [ 39 ]
58690 - [ 2 3 ] [ 4 5 ] [ 6 7 ] [ 8 9 ] [ 10 11 ] [ 12 13 ]
57939 - [ 16 17 18 19 ] [ 20 21 22 23 ]
6521 - [ 8 9 10 11 12 13 14 15 ] [ 16 17 18 19 20 21 22 23 ]
43146 - [ 24 25 26 27 ] [ 28 29 30 31 ]
31565 - [ 18 ] [ 19 ] [ 20 ] [ 21 ] [ 22 ] [ 23 ]
23395 - [ 8 9 10 11 ] [ 12 13 14 15 ]
54067 - [ 30 ] [ 31 ] [ 32 ] [ 33 ] [ 34 ] [ 35 ]
6830 - [ 36 ] [ 37 ] [ 38 ] [ 39 ] [ 0 ] [ 1 ]
4147 - [ 4 5 6 7 ] [ 8 9 10 11 ]
8018 - [ 22 23 ] [ 24 25 ] [ 26 27 ] [ 28 29 ] [ 30 31 ] [ 32 33 ]
27521 - [ 4 ] [ 5 ] [ 6 ] [ 7 ] [ 8 ] [ 9 ]
43009 - [ 6 7 ] [ 8 9 ] [ 10 11 ] [ 12 13 ] [ 14 15 ] [ 16 17 ]
36115 - [ 0 1 ] [ 2 3 ] [ 4 5 ] [ 6 7 ] [ 8 9 ] [ 10 11 ]
53942 - [ 16 17 18 19 ] [ 20 21 22 23 ]
62827 - [ 16 ] [ 17 ] [ 18 ] [ 19 ] [ 20 ] [ 21 ]
8329 - [ 24 25 ] [ 26 27 ] [ 28 29 ] [ 30 31 ] [ 32 33 ] [ 34 35 ]
18463 - [ 21 ] [ 22 ] [ 23 ] [ 24 ] [ 25 ] [ 26 ]
50223 - [ 36 37 38 39 ] [ 0 1 2 3 ]
53597 - [ 12 13 14 15 ] [ 16 17 18 19 ]
59996 - [ 36 37 ] [ 38 39 ] [ 0 1 ] [ 2 3 ] [ 4 5 ] [ 6 7 ]
24110 - [ 20 21 22 23 ] [ 24 25 26 27 ]
8791 - [ 4 5 6 7 ] [ 8 9 10 11 ]
62825 - [ 32 33 34 35 ] [ 36 37 38 39 ]
15549 - [ 16 17 ] [ 18 19 ] [ 20 21 ] [ 22 23 ] [ 24 25 ] [ 26 27 ]
15393 - [ 24 ] [ 25 ] [ 26 ] [ 27 ] [ 28 ] [ 29 ]
46747 - [ 38 39 ] [ 0 1 ] [ 2 3 ] [ 4 5 ] [ 6 7 ] [ 8 9 ]
63682 - [ 28 29 30 31 ] [ 32 33 34 35 ]
46704 - [ 16 17 18 19 ] [ 20 21 22 23 ]
50662 - [ 38 ] [ 39 ] [ 0 ] [ 1 ] [ 2 ] [ 3 ]
63392 - [ 20 21 22 23 ] [ 24 25 26 27 ]
8713 - [ 16 17 18 19 20 21 22 23 ] [ 24 25 26 27 28 29 30 31 ]
50700 - [ 20 ] [ 21 ] [ 22 ] [ 23 ] [ 24 ] [ 25 ]
48226 - [ 0 1 ] [ 2 3 ] [ 4 5 ] [ 6 7 ] [ 8 9 ] [ 10 11 ]
18852 - [ 22 23 ] [ 24 25 ] [ 26 27 ] [ 28 29 ] [ 30 31 ] [ 32 33 ]
35815 - [ 12 ] [ 13 ] [ 14 ] [ 15 ] [ 16 ] [ 17 ]
62532 - [ 8 9 10 11 12 13 14 15 ] [ 16 17 18 19 20 21 22 23 ]
58671 - [ 0 1 2 3 4 5 6 7 ] [ 8 9 10 11 12 13 14 15 ]
25587 - [ 36 37 ] [ 38 39 ] [ 0 1 ] [ 2 3 ] [ 4 5 ] [ 6 7 ]
30542 - [ 29 ] [ 30 ] [ 31 ] [ 32 ] [ 33 ] [ 34 ]
23912 - [ 6 7 ] [ 8 9 ] [ 10 11 ] [ 12 13 ] [ 14 15 ] [ 16 17 ]
3995 - [ 36 37 38 39 ] [ 0 1 2 3 ]
4985 - [ 32 ] [ 33 ] [ 34 ] [ 35 ] [ 36 ] [ 37 ]
