Time to solve model: 0.0125169754028 seconds.
Subframe: 0
Solution:
[25, 25, 17, 6, 16, 10, 21, 21, 39, 39, 39, 39, 9, 20, 28, 28, 8, 18, 2, 12, 26, 26, 24, 24, 11, 5, 22, 22, 15, 4, 3, 14, 47, 47, 47, 47, 47, 47, 47, 47, 7]
Filled Positions Rate: 41/41
Number of Blocked Users: 15
---------------------------------------------------------------------
Time to solve model: 0.0213301181793 seconds.
Subframe: 1
Solution:
[50, 50, 50, 50, 50, 50, 50, 50, 12, 3, 17, 8, 27, 27, 25, 25, 13, 18, 4, 9, 40, 40, 40, 40, 14, 5, 24, 24, 10, 1, 19, 15, 33, 33, 33, 33, 11, 6, 30, 30, 2]
Filled Positions Rate: 41/41
Number of Blocked Users: 18
---------------------------------------------------------------------
Time to solve model: 0.0103871822357 seconds.
Subframe: 2
Solution:
[25, 25, 7, 20, 40, 40, 40, 40, 12, 14, 19, 1, 42, 42, 42, 42, 6, 13, 26, 26, 4, 11, 30, 30, 18, 16, 32, 32, 5, 10, 3, 17, 27, 27, 8, 15, 33, 33, 33, 33, 2]
Filled Positions Rate: 41/41
Number of Blocked Users: 20
---------------------------------------------------------------------
Time to solve model: 0.0163140296936 seconds.
Subframe: 3
Solution:
[23, 23, 15, 5, 26, 26, 9, 18, 25, 25, 3, 12, 39, 39, 39, 39, 27, 27, 10, 6, 28, 28, 19, 4, 29, 29, 13, 8, 31, 31, 17, 7, 43, 43, 43, 43, 43, 43, 43, 43, 20]
Filled Positions Rate: 41/41
Number of Blocked Users: 17
---------------------------------------------------------------------
Time to solve model: 0.0225601196289 seconds.
Subframe: 4
Solution:
[30, 30, 14, 10, 38, 38, 38, 38, 19, 11, 15, 7, 37, 37, 37, 37, 16, 12, 24, 24, 8, 13, 23, 23, 5, 9, 28, 28, 20, 1, 2, 6, 32, 32, 27, 27, 26, 26, 3, 17, 18]
Filled Positions Rate: 41/41
Number of Blocked Users: 15
---------------------------------------------------------------------
Time to solve model: 0.0179378986359 seconds.
Subframe: 5
Solution:
[37, 37, 37, 37, 21, 21, 18, 5, 23, 23, 12, 19, 8, 6, 27, 27, 29, 29, 13, 2, 33, 33, 33, 33, 7, 9, 14, 3, 41, 41, 41, 41, 42, 42, 42, 42, 24, 24, 15, 11, 4]
Filled Positions Rate: 41/41
Number of Blocked Users: 15
---------------------------------------------------------------------
Time to solve model: 0.028128862381 seconds.
Subframe: 6
Solution:
[48, 48, 48, 48, 48, 48, 48, 48, 31, 31, 18, 8, 35, 35, 35, 35, 23, 23, 20, 7, 36, 36, 36, 36, 30, 30, 27, 27, 9, 12, 2, 15, 33, 33, 33, 33, 1, 11, 29, 29, 17]
Filled Positions Rate: 41/41
Number of Blocked Users: 10
---------------------------------------------------------------------
Time to solve model: 0.0132761001587 seconds.
Subframe: 7
Solution:
[46, 46, 46, 46, 46, 46, 46, 46, 31, 31, 2, 5, 40, 40, 40, 40, 10, 4, 1, 7, 27, 27, 3, 9, 22, 22, 6, 12, 15, 11, 14, 8, 33, 33, 33, 33, 17, 20, 16, 19, 13]
Filled Positions Rate: 41/41
Number of Blocked Users: 22
---------------------------------------------------------------------
Time to solve model: 0.0225939750671 seconds.
Subframe: 8
Solution:
[13, 8, 32, 32, 31, 31, 7, 2, 35, 35, 35, 35, 41, 41, 41, 41, 1, 6, 11, 16, 26, 26, 30, 30, 20, 5, 10, 15, 25, 25, 9, 19, 48, 48, 48, 48, 48, 48, 48, 48, 3]
Filled Positions Rate: 41/41
Number of Blocked Users: 23
---------------------------------------------------------------------
Time to solve model: 0.0300459861755 seconds.
Subframe: 9
Solution:
[29, 29, 20, 19, 40, 40, 40, 40, 12, 14, 9, 11, 30, 30, 26, 26, 22, 22, 6, 3, 18, 4, 1, 16, 33, 33, 33, 33, 24, 24, 28, 28, 10, 8, 32, 32, 42, 42, 42, 42, 5]
Filled Positions Rate: 41/41
Number of Blocked Users: 22
---------------------------------------------------------------------
