Time to solve model: 0.0101230144501 seconds.
Subframe: 0
Solution:
[7, 17, 23, 23, 16, 10, 25, 25, 32, 32, 20, 9, 30, 30, 8, 2, 21, 21, 19, 18, 1, 12, 24, 24, 28, 28, 11, 4, 5, 15, 31, 31, 29, 29, 22, 22, 14, 13, 27, 27, 6]
Filled Positions Rate: 41/41
Number of Blocked Users: 19
---------------------------------------------------------------------
Time to solve model: 0.0140590667725 seconds.
Subframe: 1
Solution:
[30, 30, 16, 7, 28, 28, 3, 12, 27, 27, 8, 17, 26, 26, 25, 25, 13, 18, 9, 4, 32, 32, 14, 5, 23, 23, 24, 24, 22, 22, 1, 19, 10, 15, -1, 6, 11, 20, 31, 31, 2]
Filled Positions Rate: 40/41
Number of Blocked Users: 18
---------------------------------------------------------------------
Time to solve model: 0.0140450000763 seconds.
Subframe: 2
Solution:
[29, 29, 31, 31, 9, 7, 14, 12, 22, 22, 26, 26, 19, 1, 28, 28, 24, 24, 6, 11, 13, 18, 30, 30, 5, 16, 32, 32, 3, 10, 23, 23, 21, 21, 8, 17, 27, 27, 15, 20, 2]
Filled Positions Rate: 41/41
Number of Blocked Users: 20
---------------------------------------------------------------------
Time to solve model: 0.00876998901367 seconds.
Subframe: 3
Solution:
[15, 14, 32, 32, 9, 18, 25, 25, 27, 27, 26, 26, 3, 12, 16, 6, 21, 21, 28, 28, 1, 19, 10, 4, 30, 30, 13, 8, 29, 29, 17, 7, -1, 2, 22, 22, 20, 11, 23, 23, 5]
Filled Positions Rate: 40/41
Number of Blocked Users: 19
---------------------------------------------------------------------
Time to solve model: 0.0112950801849 seconds.
Subframe: 4
Solution:
[30, 30, 31, 31, 10, 14, 26, 26, 15, 19, 11, 7, 24, 24, 23, 23, 16, 12, 8, 13, 29, 29, 28, 28, 5, 9, 27, 27, 1, 2, 6, 20, 32, 32, 22, 22, 3, 17, 21, 21, 18]
Filled Positions Rate: 41/41
Number of Blocked Users: 20
---------------------------------------------------------------------
Time to solve model: 0.0137360095978 seconds.
Subframe: 5
Solution:
[4, 18, 30, 30, 23, 23, 5, 12, 25, 25, 19, 1, 32, 32, 8, 6, -1, 13, 27, 27, 31, 31, 2, 7, 20, 9, 22, 22, 16, 14, 24, 24, 3, 10, 17, 15, 26, 26, 21, 21, 11]
Filled Positions Rate: 40/41
Number of Blocked Users: 19
---------------------------------------------------------------------
Time to solve model: 0.0176289081573 seconds.
Subframe: 6
Solution:
[21, 21, 3, 19, 6, 13, 16, -1, 31, 31, -1, 5, 8, 18, 26, 26, 28, 28, 30, 30, 10, 20, 25, 25, 22, 22, 27, 27, 9, 15, 12, 2, 32, 32, 14, 17, 24, 24, 11, 1, 4]
Filled Positions Rate: 39/41
Number of Blocked Users: 20
---------------------------------------------------------------------
Time to solve model: 0.00872898101807 seconds.
Subframe: 7
Solution:
[28, 28, 19, 18, 26, 26, 23, 23, 2, 5, 31, 31, 24, 24, 21, 21, 1, 4, 7, 10, 29, 29, -1, 3, 9, 12, 6, 15, 30, 30, 11, 8, 22, 22, 14, 17, 13, 20, 25, 25, 16]
Filled Positions Rate: 40/41
Number of Blocked Users: 19
---------------------------------------------------------------------
Time to solve model: 0.00947594642639 seconds.
Subframe: 8
Solution:
[8, 18, 24, 24, 2, 12, 23, 23, 17, 7, 31, 31, 27, 27, 1, 16, 11, 6, 22, 22, 30, 30, 26, 26, 15, 5, 10, 20, 29, 29, 25, 25, 14, 4, 32, 32, 19, 3, 28, 28, 13]
Filled Positions Rate: 41/41
Number of Blocked Users: 20
---------------------------------------------------------------------
Time to solve model: 0.0140988826752 seconds.
Subframe: 9
Solution:
[2, 19, 21, 21, 17, 14, 26, 26, 30, 30, 9, 11, 12, 6, 31, 31, 4, 3, 27, 27, 23, 23, 1, 18, 16, 15, 28, 28, 32, 32, 10, 13, 24, 24, -1, 8, 5, 7, 25, 25, 20]
Filled Positions Rate: 40/41
Number of Blocked Users: 19
---------------------------------------------------------------------
